Time_panda bufferSize_panda hasThroughput_panda estimatedBW_panda videoLevel_panda tcpThroughput_panda
0.00 0 0.00 0.00 450 0.00
0.00 3 1446.00 1416.67 1200 0.00
0.00 8 1998.00 1500.47 1200 0.00
0.00 15 0.00 1665.00 1200 0.00
0.00 18 1613.00 1758.73 1200 0.00
0.01 21 0.00 1856.58 1200 0.00
0.01 22 0.00 1906.56 1200 0.00
0.01 23 0.00 1957.06 1200 0.00
0.01 24 0.00 2007.98 1200 0.00
0.01 23 1016.00 2007.98 1200 0.00
0.01 24 0.00 2059.23 1200 0.00
0.01 25 0.00 2110.75 1200 0.00
0.01 24 1662.00 2110.75 1200 0.00
0.01 25 0.00 2162.48 1200 0.00
0.01 26 0.00 2214.38 1200 0.00
0.01 25 1482.00 2214.38 1200 0.00
0.02 26 0.00 2266.42 1200 0.00
0.02 27 0.00 2318.56 1200 0.00
0.02 26 0.00 2318.56 1200 0.00
0.02 25 3592.00 2318.56 1950 0.00
0.02 26 0.00 2370.80 1950 0.00
0.02 25 660.00 2370.80 1950 0.00
0.02 26 0.00 2428.68 1950 0.00
0.02 25 0.00 2428.68 1950 0.00
0.02 26 0.00 2491.08 1950 0.00
0.03 25 0.00 2491.08 1950 0.00
0.03 26 0.00 2557.09 1950 0.00
0.03 25 0.00 2557.09 1950 0.00
0.03 26 0.00 2626.00 1950 0.00
0.03 25 0.00 2626.00 1950 0.00
0.03 26 0.00 2697.22 1950 0.00
0.03 25 0.00 2697.22 1950 0.00
0.03 26 0.00 2770.29 1950 0.00
0.03 25 0.00 2770.29 1950 0.00
0.03 26 0.00 2844.84 1950 0.00
0.04 25 0.00 2844.84 1950 0.00
0.04 26 0.00 2920.54 1950 0.00
0.04 25 0.00 2920.54 1950 0.00
0.04 26 0.00 2997.20 1950 0.00
0.04 25 0.00 2997.20 1950 0.00
0.04 26 0.00 3074.61 1950 0.00
0.04 25 0.00 3074.61 1950 0.00
0.04 26 0.00 3152.64 1950 0.00
0.04 25 523.00 3152.64 1950 0.00
0.04 26 0.00 3231.16 1950 0.00
0.04 25 1556.00 3231.16 1950 0.00
0.05 26 0.00 3310.04 1950 0.00
0.05 25 2851.00 3310.04 1950 0.00
0.05 26 0.00 3389.23 1950 0.00
0.05 27 0.00 3468.68 1950 0.00
0.05 26 0.00 3468.68 1950 0.00
0.05 27 0.00 3548.33 1950 0.00
0.05 26 0.00 3548.33 1950 0.00
0.05 27 0.00 3628.15 1950 0.00
0.05 26 0.00 3628.15 1950 0.00
0.06 25 3117.00 3628.15 3050 0.00
0.06 26 0.00 3708.10 3050 0.00
0.06 25 0.00 3708.10 3050 0.00
0.06 26 0.00 3796.32 3050 0.00
0.06 25 0.00 3796.32 3050 0.00
0.06 24 4059.00 3796.32 3050 0.00
0.06 25 0.00 3891.15 3050 0.00
0.06 24 450.00 3891.15 3050 0.00
0.06 25 0.00 3991.28 3050 0.00
0.06 24 0.00 3991.28 3050 0.00
0.07 23 3682.00 3991.28 3050 0.00
0.07 24 0.00 4110.96 3050 0.00
0.07 23 0.00 4110.96 3050 0.00
0.07 24 0.00 4239.87 3050 0.00
0.07 23 0.00 4239.87 3050 0.00
0.07 24 0.00 4376.16 3050 0.00
0.07 23 0.00 4376.16 3050 0.00
0.07 22 5206.00 4376.16 3050 0.00
0.07 23 0.00 4509.45 3050 0.00
0.07 24 0.00 4649.25 3050 0.00
0.07 23 0.00 4649.25 3050 0.00
0.08 24 0.00 4785.95 3050 0.00
0.08 23 467.00 4785.95 3050 0.00
0.08 24 0.00 4919.57 3050 0.00
0.08 23 1576.00 4919.57 3050 0.00
0.08 24 0.00 5054.59 3050 0.00
0.08 23 0.00 5054.59 3050 0.00
0.08 22 6385.00 5054.59 4250 0.00
0.08 23 0.00 5195.77 4250 0.00
0.08 22 2556.00 5195.77 4250 0.00
0.09 23 0.00 5341.87 4250 0.00
0.09 22 943.00 5341.87 4250 0.00
0.09 23 0.00 5491.92 4250 0.00
0.09 22 0.00 5491.92 4250 0.00
0.09 23 0.00 5645.16 4250 0.00
0.09 22 0.00 5645.16 4250 0.00
0.09 21 7925.00 5645.16 4250 0.00
0.09 22 0.00 5800.91 4250 0.00
0.09 21 7450.00 5800.91 4250 0.00
0.09 22 0.00 5958.67 4250 0.00
0.10 21 7323.00 5958.67 4250 0.00
0.10 22 0.00 6118.08 4250 0.00
0.10 21 7536.00 6118.08 4250 0.00
0.10 22 0.00 6278.77 4250 0.00
0.10 21 8069.00 6278.77 4250 0.00
0.10 22 0.00 6440.48 4250 0.00
0.10 23 0.00 6603.02 4250 0.00
0.10 22 994.00 6603.02 4250 0.00
0.10 23 0.00 6766.21 4250 0.00
0.10 22 2412.00 6766.21 4250 0.00
0.10 23 0.00 6929.96 4250 0.00
0.11 22 3493.00 6929.96 4250 0.00
0.11 23 0.00 7094.12 4250 0.00
0.11 22 3624.00 7094.12 4250 0.00
0.11 23 0.00 7260.87 4250 0.00
0.11 22 0.00 7260.87 4250 0.00
0.11 21 7520.00 7260.87 6050 0.00
0.11 22 0.00 7254.33 6050 0.00
0.11 21 566.00 7254.33 6050 0.00
0.11 20 5718.00 7254.33 6050 0.00
0.12 21 0.00 7133.95 6050 0.00
0.12 20 3174.00 7133.95 6050 0.00
0.12 21 0.00 7098.65 6050 0.00
0.12 20 141.00 7098.65 6050 0.00
0.12 19 9187.00 7098.65 6050 0.00
0.12 20 0.00 7116.96 6050 0.00
0.12 19 2474.00 7116.96 6050 0.00
0.12 18 6672.00 7116.96 6050 0.00
0.12 17 9683.00 7116.96 6050 0.00
0.12 16 12087.00 7116.96 6050 0.00
0.12 17 1310.00 6492.53 6050 0.00
0.13 16 5517.00 6492.53 6050 0.00
0.13 15 8523.00 6492.53 6050 0.00
0.13 14 10866.00 6492.53 6050 0.00
0.13 15 184.00 5502.26 4250 0.00
0.13 14 4354.00 5502.26 4250 0.00
0.13 13 7008.00 5502.26 4250 0.00
0.13 14 0.00 4853.38 4250 0.00
0.13 13 3072.00 4853.38 4250 0.00
0.13 12 6283.00 4853.38 4250 0.00
0.14 11 8380.00 4853.38 4250 0.00
0.14 12 1630.00 4408.86 4250 0.00
0.14 11 4005.00 4408.86 4250 0.00
0.14 10 6291.00 4408.86 4250 0.00
0.14 9 8495.00 4408.86 4250 0.00
0.14 10 2093.00 3885.74 3050 0.00
0.14 11 0.00 3597.41 3050 0.00
0.14 10 5632.00 3597.41 3050 0.00
0.14 13 0.00 3338.92 3050 0.00
0.14 14 64.00 3292.85 3050 0.00
0.14 13 5623.00 3292.85 3050 0.00
0.15 16 0.00 3325.05 3050 0.00
0.15 17 0.00 3381.85 3050 0.00
0.15 16 4321.00 3381.85 3050 0.00
0.15 17 2789.00 3459.34 3050 0.00
0.15 18 0.00 3560.07 3050 0.00
0.15 17 6090.00 3560.07 3050 0.00
0.15 18 4456.00 3677.31 3050 0.00
0.15 19 463.00 3803.13 3050 0.00
0.15 20 0.00 3931.90 3050 0.00
0.15 19 5226.00 3931.90 3050 0.00
0.16 20 1384.00 4059.18 3050 0.00
0.16 21 0.00 4185.26 3050 0.00
0.16 20 5189.00 4185.26 3050 0.00
0.16 21 325.00 4310.39 3050 0.00
0.16 22 0.00 4434.75 3050 0.00
0.16 21 1048.00 4434.75 3050 0.00
0.16 20 3158.00 4434.75 3050 0.00
0.16 21 0.00 4343.79 3050 0.00
0.16 20 2265.00 4343.79 3050 0.00
0.17 19 4739.00 4343.79 3050 0.00
0.17 20 0.00 4028.46 3050 0.00
0.17 19 3059.00 4028.46 3050 0.00
0.17 20 0.00 3843.07 3050 0.00
0.17 19 1048.00 3843.07 3050 0.00
0.17 18 4153.00 3843.07 3050 0.00
0.17 19 0.00 3654.12 3050 0.00
0.17 18 2060.00 3654.12 3050 0.00
0.17 17 4562.00 3654.12 3050 0.00
0.17 18 0.00 3477.85 3050 0.00
0.17 17 2301.00 3477.85 3050 0.00
0.18 16 5230.00 3477.85 3050 0.00
0.18 17 458.00 3310.72 3050 0.00
0.18 16 3137.00 3310.72 3050 0.00
0.18 15 5734.00 3310.72 3050 0.00
0.18 16 1048.00 3148.77 3050 0.00
0.18 15 5246.00 3148.77 3050 0.00
0.18 16 2093.00 3100.16 3050 0.00
0.18 17 0.00 3120.51 3050 0.00
0.18 16 6029.00 3120.51 3050 0.00
0.18 17 3772.00 3175.53 3050 0.00
0.19 18 0.00 3251.57 3050 0.00
0.19 17 5042.00 3251.57 3050 0.00
0.19 18 861.00 3344.42 3050 0.00
0.19 17 6013.00 3344.42 3050 0.00
0.19 18 2367.00 3454.61 3050 0.00
0.19 19 0.00 3581.51 3050 0.00
0.19 20 0.00 3721.74 3050 0.00
0.19 19 2162.00 3721.74 3050 0.00
0.19 20 0.00 3858.18 3050 0.00
0.20 19 3141.00 3858.18 3050 0.00
0.20 20 0.00 3995.69 3050 0.00
0.20 19 4894.00 3995.69 3050 0.00
0.20 20 0.00 4148.71 3050 0.00
0.20 21 0.00 4307.04 3050 0.00
0.20 20 4911.00 4307.04 3050 0.00
0.20 21 0.00 4457.96 3050 0.00
0.20 20 2658.00 4457.96 3050 0.00
0.20 19 5226.00 4457.96 3050 0.00
0.20 20 0.00 4346.94 3050 0.00
0.20 19 2937.00 4346.94 3050 0.00
0.21 18 5562.00 4346.94 3050 0.00
0.21 19 660.00 3938.69 3050 0.00
0.21 18 3137.00 3938.69 3050 0.00
0.21 19 0.00 3688.78 3050 0.00
0.21 18 1048.00 3688.78 3050 0.00
0.21 17 3174.00 3688.78 3050 0.00
0.21 18 0.00 3418.49 3050 0.00
0.21 17 1048.00 3418.49 3050 0.00
0.21 16 3739.00 3418.49 3050 0.00
0.21 17 0.00 3236.34 3050 0.00
0.22 16 2003.00 3236.34 3050 0.00
0.22 15 4186.00 3236.34 3050 0.00
0.22 16 0.00 3051.79 3050 0.00
0.22 15 2126.00 3051.79 3050 0.00
0.22 14 4751.00 3051.79 3050 0.00
0.22 15 2093.00 2918.41 1950 0.00
0.22 16 3141.00 2898.42 1950 0.00
0.22 19 0.00 2950.64 1950 0.00
0.22 20 0.00 3007.13 1950 0.00
0.23 19 3354.00 3007.13 1950 0.00
0.23 20 2093.00 3082.27 1950 0.00
0.23 21 0.00 3169.59 1950 0.00
0.23 22 0.00 3266.73 1950 0.00
0.23 21 3125.00 3266.73 1950 0.00
0.23 22 0.00 3371.79 1950 0.00
0.23 23 0.00 3483.59 1950 0.00
0.23 22 2404.00 3483.59 1950 0.00
0.23 23 0.00 3600.79 1950 0.00
0.23 22 1167.00 3600.79 3050 0.00
0.23 21 5513.00 3600.79 3050 0.00
0.24 22 0.00 3722.26 3050 0.00
0.24 21 3248.00 3722.26 3050 0.00
0.24 22 0.00 3863.16 3050 0.00
0.24 21 2805.00 3863.16 3050 0.00
0.24 22 0.00 4019.56 3050 0.00
0.24 21 2093.00 4019.56 3050 0.00
0.24 20 4960.00 4019.56 3050 0.00
0.24 21 0.00 3955.49 3050 0.00
0.24 20 2387.00 3955.49 3050 0.00
0.24 19 5546.00 3955.49 3050 0.00
0.25 20 0.00 3850.47 3050 0.00
0.25 19 3158.00 3850.47 3050 0.00
0.25 18 5820.00 3850.47 3050 0.00
0.25 19 0.00 3670.36 3050 0.00
0.25 18 3305.00 3670.36 3050 0.00
0.25 17 5918.00 3670.36 3050 0.00
0.25 18 904.00 3485.68 3050 0.00
0.25 17 3985.00 3485.68 3050 0.00
0.25 18 0.00 3311.60 3050 0.00
0.26 17 1171.00 3311.60 3050 0.00
0.26 16 4186.00 3311.60 3050 0.00
0.26 17 0.00 3148.46 3050 0.00
0.26 16 2093.00 3148.46 3050 0.00
0.26 15 4194.00 3148.46 3050 0.00
0.26 16 0.00 2950.03 1950 0.00
0.26 15 3875.00 2950.03 1950 0.00
0.26 18 0.00 2868.53 1950 0.00
0.26 19 467.00 2886.22 1950 0.00
0.26 20 0.00 2930.11 1950 0.00
0.27 21 0.00 2989.05 1950 0.00
0.27 20 3305.00 2989.05 1950 0.00
0.27 21 887.00 3063.95 1950 0.00
0.27 22 0.00 3147.69 1950 0.00
0.27 23 0.00 3234.64 1950 0.00
0.27 22 3444.00 3234.64 1950 0.00
0.27 23 0.00 3320.30 1950 0.00
0.27 24 0.00 3404.92 1950 0.00
0.27 23 2740.00 3404.92 1950 0.00
0.27 24 0.00 3488.71 1950 0.00
0.28 25 0.00 3571.80 1950 0.00
0.28 24 1224.00 3571.80 1950 0.00
0.28 25 0.00 3654.37 1950 0.00
0.28 24 0.00 3654.37 3050 0.00
0.28 23 5419.00 3654.37 3050 0.00
0.28 24 0.00 3736.52 3050 0.00
0.28 23 1831.00 3736.52 3050 0.00
0.28 24 0.00 3840.98 3050 0.00
0.28 23 0.00 3840.98 3050 0.00
0.28 24 0.00 3948.81 3050 0.00
0.28 23 0.00 3948.81 3050 0.00
0.29 24 0.00 4059.33 3050 0.00
0.29 23 0.00 4059.33 3050 0.00
0.29 24 0.00 4172.01 3050 0.00
0.29 23 0.00 4172.01 3050 0.00
0.29 24 0.00 4286.41 3050 0.00
0.29 23 0.00 4286.41 3050 0.00
0.29 22 3354.00 4286.41 3050 0.00
0.29 23 0.00 4404.97 3050 0.00
0.29 22 2093.00 4404.97 3050 0.00
0.29 23 0.00 4473.16 3050 0.00
0.30 22 1585.00 4473.16 3050 0.00
0.30 23 0.00 4571.56 3050 0.00
0.30 22 505.00 4571.56 3050 0.00
0.30 23 0.00 4690.10 3050 0.00
