Time_proposed bufferSize_proposed hasThroughput_proposed estimatedBW_proposed videoLevel_proposed tcpThroughput_proposed
0.00 0 0.00 0.00 450 0.00
0.00 3 1446.00 1416.67 1200 0.00
0.00 8 1998.00 1500.47 1200 0.00
0.00 15 0.00 1665.00 1200 0.00
0.00 18 1613.00 1758.73 1200 0.00
0.01 21 0.00 2080.94 1200 0.00
0.01 22 0.00 2701.40 1200 0.00
0.01 23 0.00 5133.51 1950 0.00
0.01 22 0.00 5133.51 1950 0.00
0.01 21 7053.00 5133.51 4250 0.00
0.01 22 0.00 6200.01 4250 0.00
0.01 21 7430.00 6200.01 4250 0.00
0.01 22 0.00 6847.27 4250 0.00
0.01 23 0.00 7273.75 4250 0.00
0.01 22 0.00 7273.75 4250 0.00
0.01 21 6709.00 7273.75 6050 0.00
0.02 22 0.00 7580.45 6050 0.00
0.02 21 1449.00 7580.45 6050 0.00
0.02 20 10498.00 7580.45 6050 0.00
0.02 21 0.00 7813.83 6050 0.00
0.02 20 7475.00 7813.83 6050 0.00
0.02 21 0.00 7998.77 6050 0.00
0.02 20 4780.00 7998.77 6050 0.00
0.02 21 0.00 8146.33 6050 0.00
0.02 20 4141.00 8146.33 6050 0.00
0.03 21 0.00 8264.29 6050 0.00
0.03 20 3694.00 8264.29 6050 0.00
0.03 21 0.00 8358.64 6050 0.00
0.03 20 3395.00 8358.64 6050 0.00
0.03 21 0.00 8434.11 6050 0.00
0.03 20 3215.00 8434.11 6050 0.00
0.03 21 0.00 8494.49 6050 0.00
0.03 20 3129.00 8494.49 6050 0.00
0.03 21 0.00 8542.79 6050 0.00
0.03 20 3113.00 8542.79 6050 0.00
0.04 21 0.00 8580.50 6050 0.00
0.04 20 3154.00 8580.50 6050 0.00
0.04 21 0.00 8611.39 6050 0.00
0.04 20 3239.00 8611.39 6050 0.00
0.04 21 0.00 8635.34 6050 0.00
0.04 20 3362.00 8635.34 6050 0.00
0.04 21 0.00 8655.25 6050 0.00
0.04 20 3514.00 8655.25 6050 0.00
0.04 21 0.00 8671.35 6050 0.00
0.04 20 3690.00 8671.35 6050 0.00
0.04 21 0.00 8684.27 6050 0.00
0.05 20 3883.00 8684.27 6050 0.00
0.05 21 0.00 8693.68 6050 0.00
0.05 20 4091.00 8693.68 6050 0.00
0.05 21 0.00 8701.01 6050 0.00
0.05 20 4309.00 8701.01 6050 0.00
0.05 21 0.00 8706.82 6050 0.00
0.05 20 4534.00 8706.82 6050 0.00
0.05 21 0.00 8711.46 6050 0.00
0.05 20 4767.00 8711.46 6050 0.00
0.06 21 0.00 8716.10 6050 0.00
0.06 20 5005.00 8716.10 6050 0.00
0.06 21 0.00 8720.02 6050 0.00
0.06 20 5251.00 8720.02 6050 0.00
0.06 21 0.00 8723.20 6050 0.00
0.06 20 5500.00 8723.20 6050 0.00
0.06 21 0.00 8718.00 6050 0.00
0.06 20 3510.00 8718.00 6050 0.00
0.06 19 8720.00 8718.00 6050 0.00
0.06 20 0.00 8198.80 6050 0.00
0.07 19 4657.00 8198.80 6050 0.00
0.07 20 0.00 7858.77 6050 0.00
0.07 19 2519.00 7858.77 6050 0.00
0.07 18 10588.00 7858.77 6050 0.00
0.07 19 1597.00 7645.05 6050 0.00
0.07 18 8552.00 7645.05 6050 0.00
0.07 19 0.00 7433.01 6050 0.00
0.07 18 5582.00 7433.01 6050 0.00
0.07 17 10072.00 7433.01 6050 0.00
0.07 18 162.00 7041.63 6050 0.00
0.07 17 8040.00 7041.63 6050 0.00
0.08 18 0.00 6802.32 6050 0.00
0.08 17 6111.00 6802.32 6050 0.00
0.08 16 11915.00 6802.32 6050 0.00
0.08 17 3612.00 6676.85 6050 0.00
0.08 16 10571.00 6676.85 6050 0.00
0.08 17 1114.00 6638.58 6050 0.00
0.08 16 10158.00 6638.58 6050 0.00
0.08 17 197.00 6666.69 6050 0.00
0.08 16 7659.00 6666.69 6050 0.00
0.09 17 0.00 6560.87 6050 0.00
0.09 16 5156.00 6560.87 6050 0.00
0.09 15 11874.00 6560.87 6050 0.00
0.09 16 2658.00 6434.90 6050 0.00
0.09 15 10657.00 6434.90 6050 0.00
0.09 16 1048.00 6363.95 6050 0.00
0.09 15 8159.00 6363.95 6050 0.00
0.09 16 0.00 6241.43 6050 0.00
0.09 15 6705.00 6241.43 6050 0.00
0.09 14 11563.00 6241.43 6050 0.00
0.10 15 4202.00 6121.79 6050 0.00
0.10 14 10637.00 6121.79 6050 0.00
0.10 15 2023.00 6054.28 6050 0.00
0.10 14 9703.00 6054.28 6050 0.00
0.10 15 1384.00 6009.86 4250 0.00
0.10 14 8249.00 6009.86 4250 0.00
0.10 15 4190.00 6013.83 4250 0.00
0.10 16 145.00 5767.11 4250 0.00
0.10 15 7106.00 5767.11 4250 0.00
0.10 16 2387.00 5633.84 4250 0.00
0.10 17 0.00 5575.95 4250 0.00
0.11 16 4526.00 5575.95 4250 0.00
0.11 17 2461.00 5439.89 4250 0.00
0.11 16 6991.00 5439.89 4250 0.00
0.11 17 3563.00 5362.11 4250 0.00
0.11 16 8421.00 5362.11 4250 0.00
0.11 17 4661.00 5356.40 4250 0.00
0.11 18 458.00 5400.93 4250 0.00
0.11 17 5763.00 5400.93 4250 0.00
0.11 18 1048.00 5453.21 4250 0.00
0.12 17 6860.00 5453.21 4250 0.00
0.12 18 1048.00 5428.63 4250 0.00
0.12 17 7000.00 5428.63 4250 0.00
0.12 18 1048.00 5389.21 4250 0.00
0.12 17 6971.00 5389.21 4250 0.00
0.12 18 1114.00 5362.13 4250 0.00
0.12 17 5836.00 5362.13 4250 0.00
0.12 16 7958.00 5362.13 4250 0.00
0.12 17 1048.00 4993.69 4250 0.00
0.12 16 3137.00 4993.69 4250 0.00
0.12 15 5586.00 4993.69 4250 0.00
0.13 14 7700.00 4993.69 4250 0.00
0.13 15 1048.00 4353.77 4250 0.00
0.13 14 3145.00 4353.77 4250 0.00
0.13 13 5513.00 4353.77 4250 0.00
0.13 12 7745.00 4353.77 4250 0.00
0.13 13 1048.00 3963.00 3050 0.00
0.13 12 3145.00 3963.00 3050 0.00
0.13 11 5242.00 3963.00 3050 0.00
0.13 12 1048.00 3527.83 3050 0.00
0.14 11 3231.00 3527.83 3050 0.00
0.14 10 5464.00 3527.83 3050 0.00
0.14 11 1507.00 3275.86 3050 0.00
0.14 10 3858.00 3275.86 3050 0.00
0.14 9 6049.00 3275.86 3050 0.00
0.14 10 2093.00 3030.00 1950 0.00
0.14 11 1331.00 2929.50 1950 0.00
0.14 12 2134.00 2904.31 1950 0.00
0.14 13 2797.00 2913.12 1950 0.00
0.14 14 3215.00 2949.09 1950 0.00
0.14 17 0.00 3081.94 1950 0.00
0.15 18 853.00 3170.97 1950 0.00
0.15 19 2109.00 3271.13 1950 0.00
0.15 20 1532.00 3380.22 1950 0.00
0.15 21 0.00 3492.53 1950 0.00
0.15 22 0.00 3606.22 1950 0.00
0.15 21 1282.00 3606.22 3050 0.00
0.15 22 0.00 4396.42 3050 0.00
0.15 21 3239.00 4396.42 3050 0.00
0.15 22 0.00 4822.63 3050 0.00
0.15 21 5648.00 4822.63 3050 0.00
0.16 22 0.00 5199.49 3050 0.00
0.16 21 6037.00 5199.49 4250 0.00
0.16 22 0.00 5538.46 4250 0.00
0.16 21 2547.00 5538.46 4250 0.00
0.16 20 6803.00 5538.46 4250 0.00
0.16 21 0.00 5535.12 4250 0.00
0.16 20 3035.00 5535.12 4250 0.00
0.16 19 5759.00 5535.12 4250 0.00
0.16 18 7999.00 5535.12 4250 0.00
0.17 19 0.00 5003.48 4250 0.00
0.17 18 3141.00 5003.48 4250 0.00
0.17 17 5238.00 5003.48 4250 0.00
0.17 16 7335.00 5003.48 4250 0.00
0.17 17 0.00 4418.28 4250 0.00
0.17 16 2854.00 4418.28 4250 0.00
0.17 15 4993.00 4418.28 4250 0.00
0.17 14 7131.00 4418.28 4250 0.00
0.17 15 514.00 4068.87 3050 0.00
0.17 14 3137.00 4068.87 3050 0.00
0.17 13 5226.00 4068.87 3050 0.00
0.18 14 1048.00 3629.91 3050 0.00
0.18 13 3170.00 3629.91 3050 0.00
0.18 12 6086.00 3629.91 3050 0.00
0.18 13 2093.00 3369.37 3050 0.00
0.18 12 4182.00 3369.37 3050 0.00
0.18 13 1269.00 3160.57 3050 0.00
0.18 14 0.00 3081.63 3050 0.00
0.18 13 4235.00 3081.63 3050 0.00
0.18 14 2916.00 3063.76 3050 0.00
0.18 15 1048.00 3094.77 3050 0.00
0.19 14 5943.00 3094.77 3050 0.00
0.19 15 3842.00 3164.86 3050 0.00
0.19 16 1048.00 3266.20 3050 0.00
0.19 17 0.00 3392.16 3050 0.00
0.19 16 4583.00 3392.16 3050 0.00
0.19 17 3018.00 3532.64 3050 0.00
0.19 18 0.00 3684.13 3050 0.00
0.19 19 0.00 3841.25 3050 0.00
0.19 18 4726.00 3841.25 3050 0.00
0.20 19 1446.00 3999.74 3050 0.00
0.20 20 0.00 4158.75 3050 0.00
0.20 19 5599.00 4158.75 3050 0.00
0.20 20 1581.00 4317.94 3050 0.00
0.20 21 0.00 4477.32 3050 0.00
0.20 20 4919.00 4477.32 3050 0.00
0.20 21 0.00 4636.84 3050 0.00
0.20 20 3362.00 4636.84 3050 0.00
0.20 19 5574.00 4636.84 3050 0.00
0.20 20 68.00 4496.87 3050 0.00
0.20 19 3526.00 4496.87 3050 0.00
0.21 18 6090.00 4496.87 3050 0.00
0.21 19 1048.00 4072.68 3050 0.00
0.21 18 4190.00 4072.68 3050 0.00
0.21 19 0.00 3810.74 3050 0.00
0.21 18 2093.00 3810.74 3050 0.00
0.21 17 4825.00 3810.74 3050 0.00
0.21 18 0.00 3536.51 3050 0.00
0.21 17 2093.00 3536.51 3050 0.00
0.21 16 5255.00 3536.51 3050 0.00
0.21 17 0.00 3360.76 3050 0.00
0.22 16 2793.00 3360.76 3050 0.00
0.22 15 5234.00 3360.76 3050 0.00
0.22 16 1048.00 3178.95 3050 0.00
0.22 15 3145.00 3178.95 3050 0.00
0.22 14 5242.00 3178.95 3050 0.00
0.22 15 2744.00 2969.93 1950 0.00
0.22 16 3215.00 2895.05 1950 0.00
0.22 19 0.00 2873.67 1950 0.00
0.22 20 0.00 2907.89 1950 0.00
0.23 21 0.00 3320.54 1950 0.00
0.23 22 0.00 4318.45 1950 0.00
0.23 23 0.00 5045.90 1950 0.00
0.23 22 0.00 5045.90 1950 0.00
0.23 21 6332.00 5045.90 4250 0.00
0.23 22 0.00 5279.75 4250 0.00
0.23 21 1880.00 5279.75 4250 0.00
0.23 20 6262.00 5279.75 4250 0.00
0.23 21 0.00 5288.49 4250 0.00
0.23 20 2682.00 5288.49 4250 0.00
0.23 21 0.00 5351.29 4250 0.00
0.24 20 2678.00 5351.29 4250 0.00
0.24 21 0.00 5448.23 4250 0.00
0.24 20 3154.00 5448.23 4250 0.00
0.24 21 0.00 5563.25 4250 0.00
0.24 20 2248.00 5563.25 4250 0.00
0.24 19 7528.00 5563.25 4250 0.00
0.24 20 0.00 5513.74 4250 0.00
0.24 19 2093.00 5513.74 4250 0.00
0.24 18 4268.00 5513.74 4250 0.00
0.24 17 7585.00 5513.74 4250 0.00
0.25 18 0.00 4931.49 4250 0.00
0.25 17 2342.00 4931.49 4250 0.00
0.25 16 4669.00 4931.49 4250 0.00
0.25 15 7454.00 4931.49 4250 0.00
0.25 16 0.00 4378.41 4250 0.00
0.25 15 2605.00 4378.41 4250 0.00
0.25 14 4890.00 4378.41 4250 0.00
0.25 13 7331.00 4378.41 4250 0.00
0.25 14 0.00 3942.35 3050 0.00
0.26 13 2605.00 3942.35 3050 0.00
0.26 12 4915.00 3942.35 3050 0.00
0.26 13 934.00 3566.85 3050 0.00
0.26 12 3137.00 3566.85 3050 0.00
0.26 11 5242.00 3566.85 3050 0.00
0.26 12 1048.00 3286.96 3050 0.00
0.26 11 4415.00 3286.96 3050 0.00
0.26 12 3158.00 3159.27 3050 0.00
0.26 13 1363.00 3121.68 3050 0.00
0.26 14 0.00 3136.86 3050 0.00
0.27 13 4526.00 3136.86 3050 0.00
0.27 14 3580.00 3192.81 3050 0.00
0.27 15 2093.00 3282.47 3050 0.00
0.27 16 2306.00 3394.14 3050 0.00
0.27 17 0.00 3522.23 3050 0.00
0.27 16 6082.00 3522.23 3050 0.00
0.27 17 4919.00 3663.40 3050 0.00
0.27 18 1748.00 3811.65 3050 0.00
0.27 19 0.00 3966.17 3050 0.00
0.27 18 4858.00 3966.17 3050 0.00
0.28 19 2207.00 4114.04 3050 0.00
0.28 20 0.00 4269.94 3050 0.00
0.28 21 0.00 4434.48 3050 0.00
0.28 20 3354.00 4434.48 3050 0.00
0.28 21 0.00 4590.36 3050 0.00
0.28 20 4190.00 4590.36 3050 0.00
0.28 21 0.00 4646.86 3050 0.00
0.28 22 0.00 4738.36 3050 0.00
0.28 21 1958.00 4738.36 3050 0.00
0.28 22 0.00 4839.71 3050 0.00
0.28 21 2945.00 4839.71 3050 0.00
0.29 22 0.00 4883.29 3050 0.00
0.29 21 2093.00 4883.29 3050 0.00
0.29 22 0.00 4829.31 3050 0.00
0.29 21 3330.00 4829.31 3050 0.00
0.29 22 0.00 4832.42 3050 0.00
0.29 21 4739.00 4832.42 3050 0.00
0.29 22 0.00 4874.73 3050 0.00
0.29 23 0.00 4940.59 3050 0.00
0.29 22 2007.00 4940.59 3050 0.00
0.29 23 0.00 5667.10 3050 0.00
0.30 22 1810.00 5667.10 4250 0.00
0.30 21 7717.00 5667.10 4250 0.00
0.30 22 0.00 5853.60 4250 0.00
0.30 21 3772.00 5853.60 4250 0.00
