Time_panda2 bufferSize_panda2 hasThroughput_panda2 estimatedBW_panda2 videoLevel_panda2 tcpThroughput_panda2
0.06 0 0.00 0.00 450 0.00
0.06 3 0.00 1188.01 700 0.00
0.06 10 1048.00 1305.14 700 0.00
0.06 15 257.00 1414.01 1200 0.00
0.06 18 0.00 1509.51 1200 0.00
0.07 19 411.00 1559.26 1200 0.00
0.07 20 0.00 1609.57 1200 0.00
0.07 21 0.00 1670.52 1200 0.00
0.07 22 0.00 1729.79 1200 0.00
0.07 21 2334.00 1729.79 1200 0.00
0.07 22 90.00 1797.87 1200 0.00
0.07 23 0.00 1862.86 1200 0.00
0.07 24 0.00 1925.36 1200 0.00
0.07 23 0.00 1925.36 1200 0.00
0.07 24 0.00 1996.03 1200 0.00
0.07 25 0.00 2063.08 1200 0.00
0.08 24 0.00 2063.08 1200 0.00
0.08 25 0.00 2127.24 1200 0.00
0.08 26 0.00 2189.08 1200 0.00
0.08 25 0.00 2189.08 1200 0.00
0.08 26 0.00 2253.67 1200 0.00
0.08 25 797.00 2253.67 1200 0.00
0.08 26 0.00 2326.01 1200 0.00
0.08 25 0.00 2326.01 1200 0.00
0.08 26 0.00 2394.40 1950 0.00
0.09 25 0.00 2394.40 1950 0.00
0.09 26 0.00 2465.20 1950 0.00
0.09 25 0.00 2465.20 1950 0.00
0.09 26 0.00 2537.94 1950 0.00
0.09 25 0.00 2537.94 1950 0.00
0.09 26 0.00 2612.23 1950 0.00
0.09 25 0.00 2612.23 1950 0.00
0.09 26 0.00 2687.75 1950 0.00
0.09 25 0.00 2687.75 1950 0.00
0.09 26 0.00 2764.23 1950 0.00
0.10 25 0.00 2764.23 1950 0.00
0.10 26 0.00 2841.51 1950 0.00
0.10 25 0.00 2841.51 1950 0.00
0.10 26 0.00 2919.42 1950 0.00
0.10 25 0.00 2919.42 1950 0.00
0.10 26 0.00 2997.85 1950 0.00
0.10 25 0.00 2997.85 1950 0.00
0.10 26 0.00 3076.69 1950 0.00
0.10 25 0.00 3076.69 1950 0.00
0.10 26 0.00 3155.85 1950 0.00
0.10 25 0.00 3155.85 1950 0.00
0.11 26 0.00 3235.28 1950 0.00
0.11 25 0.00 3235.28 1950 0.00
0.11 26 0.00 3314.91 1950 0.00
0.11 25 698.00 3314.91 1950 0.00
0.11 26 0.00 3394.71 1950 0.00
0.11 25 1048.00 3394.71 1950 0.00
0.11 26 0.00 3474.65 1950 0.00
0.11 25 0.00 3474.65 1950 0.00
0.11 26 0.00 3568.90 1950 0.00
0.12 25 257.00 3568.90 1950 0.00
0.12 26 0.00 3674.68 1950 0.00
0.12 25 0.00 3674.68 1950 0.00
0.12 26 0.00 3775.40 3050 0.00
0.12 25 0.00 3775.40 3050 0.00
0.12 24 3182.00 3775.40 3050 0.00
0.12 25 0.00 3880.23 3050 0.00
0.12 24 523.00 3880.23 3050 0.00
0.12 25 0.00 3988.36 3050 0.00
0.12 24 0.00 3988.36 3050 0.00
0.12 23 3919.00 3988.36 3050 0.00
0.13 24 0.00 4106.88 3050 0.00
0.13 23 0.00 4106.88 3050 0.00
0.13 22 4542.00 4106.88 3050 0.00
0.13 23 0.00 4215.90 3050 0.00
0.13 22 2150.00 4215.90 3050 0.00
0.13 23 0.00 4308.95 3050 0.00
0.13 22 373.00 4308.95 3050 0.00
0.13 21 5234.00 4308.95 3050 0.00
0.13 22 0.00 4392.40 3050 0.00
0.14 21 4534.00 4392.40 3050 0.00
0.14 22 0.00 4502.36 3050 0.00
0.14 21 4628.00 4502.36 3050 0.00
0.14 22 0.00 4630.15 3050 0.00
0.14 21 4845.00 4630.15 3050 0.00
0.14 22 0.00 4768.30 3050 0.00
0.14 21 5472.00 4768.30 3050 0.00
0.14 22 0.00 4911.64 3050 0.00
0.14 21 5374.00 4911.64 3050 0.00
0.14 22 0.00 5006.18 3050 0.00
0.14 21 3731.00 5006.18 4250 0.00
0.15 20 8143.00 5006.18 4250 0.00
0.15 21 0.00 5087.30 4250 0.00
0.15 20 3805.00 5087.30 4250 0.00
0.15 19 8384.00 5087.30 4250 0.00
0.15 20 0.00 4955.09 4250 0.00
0.15 19 4190.00 4955.09 4250 0.00
0.15 20 0.00 4823.96 4250 0.00
0.15 19 1048.00 4823.96 4250 0.00
0.15 18 5238.00 4823.96 4250 0.00
0.15 19 0.00 4728.23 4250 0.00
0.16 18 2093.00 4728.23 4250 0.00
0.16 17 6287.00 4728.23 4250 0.00
0.16 18 0.00 4653.11 4250 0.00
0.16 17 4485.00 4653.11 4250 0.00
0.16 18 0.00 4656.31 4250 0.00
0.16 17 2830.00 4656.31 4250 0.00
0.16 16 7335.00 4656.31 4250 0.00
0.16 17 1392.00 4644.08 4250 0.00
0.16 16 7057.00 4644.08 4250 0.00
0.17 17 896.00 4687.90 4250 0.00
0.17 16 7364.00 4687.90 4250 0.00
0.17 17 1331.00 4781.79 4250 0.00
0.17 16 7630.00 4781.79 4250 0.00
0.17 17 2093.00 4906.12 4250 0.00
0.17 18 0.00 5056.03 4250 0.00
0.17 17 3358.00 5056.03 4250 0.00
0.17 18 0.00 5188.67 4250 0.00
0.17 17 4018.00 5188.67 4250 0.00
0.17 18 0.00 5325.12 4250 0.00
0.17 17 4861.00 5325.12 4250 0.00
0.18 18 921.00 5412.36 4250 0.00
0.18 17 5959.00 5412.36 4250 0.00
0.18 18 1048.00 5407.07 4250 0.00
0.18 17 7061.00 5407.07 4250 0.00
0.18 18 1163.00 5433.88 4250 0.00
0.18 17 8159.00 5433.88 4250 0.00
0.18 18 2428.00 5506.69 4250 0.00
0.18 19 0.00 5524.06 4250 0.00
0.18 18 3141.00 5524.06 4250 0.00
0.18 17 8364.00 5524.06 4250 0.00
0.19 18 2379.00 5406.51 4250 0.00
0.19 17 7176.00 5406.51 4250 0.00
0.19 18 1585.00 5275.35 4250 0.00
0.19 17 6287.00 5275.35 4250 0.00
0.19 18 407.00 5164.67 4250 0.00
0.19 17 5210.00 5164.67 4250 0.00
0.19 18 0.00 5076.14 4250 0.00
0.19 17 3813.00 5076.14 4250 0.00
0.19 18 0.00 5005.71 4250 0.00
0.20 17 3141.00 5005.71 4250 0.00
0.20 16 8454.00 5005.71 4250 0.00
0.20 17 2916.00 4949.97 4250 0.00
0.20 16 7409.00 4949.97 4250 0.00
0.20 17 2093.00 4904.77 4250 0.00
0.20 16 6631.00 4904.77 4250 0.00
0.20 17 1515.00 4869.22 4250 0.00
0.20 16 6287.00 4869.22 4250 0.00
0.20 17 1048.00 4840.78 4250 0.00
0.20 16 5238.00 4840.78 4250 0.00
0.20 17 0.00 4818.63 4250 0.00
0.21 16 4567.00 4818.63 4250 0.00
0.21 17 0.00 4800.30 4250 0.00
0.21 16 4038.00 4800.30 4250 0.00
0.21 17 0.00 4785.64 4250 0.00
0.21 16 4190.00 4785.64 4250 0.00
0.21 17 0.00 4773.91 4250 0.00
0.21 16 4190.00 4773.91 4250 0.00
0.21 17 0.00 4765.13 4250 0.00
0.21 16 4190.00 4765.13 4250 0.00
0.21 17 0.00 4757.50 4250 0.00
0.22 16 4190.00 4757.50 4250 0.00
0.22 17 0.00 4751.40 4250 0.00
0.22 16 4190.00 4751.40 4250 0.00
0.22 17 0.00 4747.13 4250 0.00
0.22 16 4190.00 4747.13 4250 0.00
0.22 17 0.00 4743.10 4250 0.00
0.22 16 3354.00 4743.10 4250 0.00
0.22 17 0.00 4739.88 4250 0.00
0.22 16 3428.00 4739.88 4250 0.00
0.23 17 0.00 4737.30 4250 0.00
0.23 16 3493.00 4737.30 4250 0.00
0.23 17 0.00 4735.24 4250 0.00
0.23 16 3551.00 4735.24 4250 0.00
0.23 17 0.00 4733.59 4250 0.00
0.23 16 3608.00 4733.59 4250 0.00
0.23 17 0.00 4732.27 4250 0.00
0.23 16 3657.00 4732.27 4250 0.00
0.23 17 0.00 4731.22 4250 0.00
0.23 16 3702.00 4731.22 4250 0.00
0.23 17 0.00 4730.38 4250 0.00
0.24 16 3756.00 4730.38 4250 0.00
0.24 17 0.00 4730.30 4250 0.00
0.24 16 3801.00 4730.30 4250 0.00
0.24 17 0.00 4729.64 4250 0.00
0.24 16 3837.00 4729.64 4250 0.00
0.24 17 0.00 4729.11 4250 0.00
0.24 16 3878.00 4729.11 4250 0.00
0.24 17 0.00 4728.69 4250 0.00
0.24 16 3915.00 4728.69 4250 0.00
0.24 17 0.00 4728.35 4250 0.00
0.25 16 3956.00 4728.35 4250 0.00
0.25 17 0.00 4728.69 4250 0.00
0.25 16 3993.00 4728.69 4250 0.00
0.25 17 0.00 4728.34 4250 0.00
0.25 16 4026.00 4728.34 4250 0.00
0.25 17 0.00 4728.08 4250 0.00
0.25 16 4063.00 4728.08 4250 0.00
0.25 17 0.00 4727.86 4250 0.00
0.25 16 4088.00 4727.86 4250 0.00
0.26 17 0.00 4727.69 4250 0.00
0.26 16 4124.00 4727.69 4250 0.00
0.26 17 0.00 4727.55 4250 0.00
0.26 16 4153.00 4727.55 4250 0.00
0.26 17 0.00 4727.44 4250 0.00
0.26 16 4190.00 4727.44 4250 0.00
0.26 17 0.00 4727.96 4250 0.00
0.26 16 4190.00 4727.96 4250 0.00
0.26 17 0.00 4727.76 4250 0.00
0.26 16 4190.00 4727.76 4250 0.00
0.27 17 0.00 4727.61 4250 0.00
0.27 16 4190.00 4727.61 4250 0.00
0.27 17 0.00 4728.09 4250 0.00
0.27 16 4190.00 4728.09 4250 0.00
0.27 17 0.00 4727.87 4250 0.00
0.27 16 4190.00 4727.87 4250 0.00
0.27 17 0.00 4727.70 4250 0.00
0.27 16 4190.00 4727.70 4250 0.00
0.27 17 0.00 4728.16 4250 0.00
0.27 16 4190.00 4728.16 4250 0.00
0.28 17 0.00 4727.92 4250 0.00
0.28 16 4190.00 4727.92 4250 0.00
0.28 17 0.00 4727.74 4250 0.00
0.28 16 4190.00 4727.74 4250 0.00
0.28 17 0.00 4727.59 4250 0.00
0.28 16 4190.00 4727.59 4250 0.00
0.28 17 0.00 4727.47 4250 0.00
0.28 16 4190.00 4727.47 4250 0.00
0.28 17 0.00 4727.98 4250 0.00
0.28 16 4190.00 4727.98 4250 0.00
0.28 17 0.00 4727.78 4250 0.00
0.29 16 4190.00 4727.78 4250 0.00
0.29 17 0.00 4727.63 4250 0.00
0.29 16 4190.00 4727.63 4250 0.00
0.29 17 0.00 4728.10 4250 0.00
0.29 16 4190.00 4728.10 4250 0.00
0.29 17 0.00 4727.88 4250 0.00
0.29 16 4190.00 4727.88 4250 0.00
0.29 17 0.00 4727.70 4250 0.00
0.29 16 4190.00 4727.70 4250 0.00
0.29 17 0.00 4727.56 4250 0.00
0.30 16 4190.00 4727.56 4250 0.00
0.30 17 0.00 4728.05 4250 0.00
0.30 16 4190.00 4728.05 4250 0.00
0.30 17 0.00 4727.84 4250 0.00
