Time_panda2 bufferSize_panda2 hasThroughput_panda2 estimatedBW_panda2 videoLevel_panda2 tcpThroughput_panda2
0.06 0 0.00 0.00 450 0.00
0.06 3 0.00 1188.01 700 0.00
0.06 10 1048.00 1305.14 700 0.00
0.06 15 257.00 1414.01 1200 0.00
0.06 18 0.00 1509.51 1200 0.00
0.07 19 411.00 1559.26 1200 0.00
0.07 20 0.00 1609.57 1200 0.00
0.07 21 0.00 1670.52 1200 0.00
0.07 22 0.00 1729.79 1200 0.00
0.07 21 2334.00 1729.79 1200 0.00
0.07 22 90.00 1797.87 1200 0.00
0.07 23 0.00 1862.86 1200 0.00
0.07 24 0.00 1925.36 1200 0.00
0.07 23 0.00 1925.36 1200 0.00
0.07 24 0.00 1996.03 1200 0.00
0.07 25 0.00 2063.08 1200 0.00
0.08 24 0.00 2063.08 1200 0.00
0.08 25 0.00 2127.24 1200 0.00
0.08 26 0.00 2189.08 1200 0.00
0.08 25 0.00 2189.08 1200 0.00
0.08 26 0.00 2253.67 1200 0.00
0.08 25 797.00 2253.67 1200 0.00
0.08 26 0.00 2326.01 1200 0.00
0.08 25 0.00 2326.01 1200 0.00
0.08 26 0.00 2394.40 1950 0.00
0.09 25 0.00 2394.40 1950 0.00
0.09 26 0.00 2465.20 1950 0.00
0.09 25 0.00 2465.20 1950 0.00
0.09 26 0.00 2537.94 1950 0.00
0.09 25 0.00 2537.94 1950 0.00
0.09 26 0.00 2612.23 1950 0.00
0.09 25 0.00 2612.23 1950 0.00
0.09 26 0.00 2687.75 1950 0.00
0.09 25 0.00 2687.75 1950 0.00
0.09 26 0.00 2764.23 1950 0.00
0.10 25 0.00 2764.23 1950 0.00
0.10 26 0.00 2841.51 1950 0.00
0.10 25 0.00 2841.51 1950 0.00
0.10 26 0.00 2919.42 1950 0.00
0.10 25 0.00 2919.42 1950 0.00
0.10 26 0.00 2997.85 1950 0.00
0.10 25 0.00 2997.85 1950 0.00
0.10 26 0.00 3076.69 1950 0.00
0.10 25 0.00 3076.69 1950 0.00
0.10 26 0.00 3155.85 1950 0.00
0.10 25 0.00 3155.85 1950 0.00
0.11 26 0.00 3235.28 1950 0.00
0.11 25 0.00 3235.28 1950 0.00
0.11 26 0.00 3314.91 1950 0.00
0.11 25 698.00 3314.91 1950 0.00
0.11 26 0.00 3394.71 1950 0.00
0.11 25 1048.00 3394.71 1950 0.00
0.11 26 0.00 3474.65 1950 0.00
0.11 25 0.00 3474.65 1950 0.00
0.11 26 0.00 3568.90 1950 0.00
0.12 25 257.00 3568.90 1950 0.00
0.12 26 0.00 3674.68 1950 0.00
0.12 25 0.00 3674.68 1950 0.00
0.12 26 0.00 3775.40 3050 0.00
0.12 25 0.00 3775.40 3050 0.00
0.12 24 3182.00 3775.40 3050 0.00
0.12 25 0.00 3880.23 3050 0.00
0.12 24 0.00 3880.23 3050 0.00
0.12 23 2093.00 3880.23 3050 0.00
0.12 22 4182.00 3880.23 3050 0.00
0.12 23 0.00 3764.36 3050 0.00
0.13 22 0.00 3764.36 3050 0.00
0.13 21 2093.00 3764.36 3050 0.00
0.13 20 4251.00 3764.36 3050 0.00
0.13 21 0.00 3398.69 3050 0.00
0.13 20 0.00 3398.69 3050 0.00
0.13 19 2523.00 3398.69 3050 0.00
0.13 18 5165.00 3398.69 3050 0.00
0.13 19 0.00 3195.16 3050 0.00
0.13 18 1159.00 3195.16 3050 0.00
0.14 17 3735.00 3195.16 3050 0.00
0.14 18 0.00 3038.91 1950 0.00
0.14 17 2093.00 3038.91 1950 0.00
0.14 18 0.00 2828.69 1950 0.00
0.14 17 2093.00 2828.69 1950 0.00
0.14 18 0.00 2701.86 1950 0.00
0.14 17 3342.00 2701.86 1950 0.00
0.14 18 2863.00 2660.27 1950 0.00
0.14 19 1449.00 2665.44 1950 0.00
0.14 20 0.00 2697.76 1950 0.00
0.14 19 3493.00 2697.76 1950 0.00
0.15 20 1638.00 2752.92 1950 0.00
0.15 21 0.00 2827.35 1950 0.00
0.15 20 3141.00 2827.35 1950 0.00
0.15 21 0.00 2914.28 1950 0.00
0.15 22 0.00 3014.13 1950 0.00
0.15 21 2093.00 3014.13 1950 0.00
0.15 22 0.00 3124.12 1950 0.00
0.15 23 0.00 3235.97 1950 0.00
0.15 22 3026.00 3235.97 1950 0.00
0.15 23 0.00 3344.39 1950 0.00
0.16 24 0.00 3447.23 1950 0.00
0.16 23 2531.00 3447.23 1950 0.00
0.16 24 0.00 3545.59 1950 0.00
0.16 25 0.00 3640.38 1950 0.00
0.16 24 0.00 3640.38 1950 0.00
0.16 23 2584.00 3640.38 3050 0.00
0.16 22 5345.00 3640.38 3050 0.00
0.16 23 0.00 3665.10 3050 0.00
0.16 22 0.00 3665.10 3050 0.00
0.17 21 2953.00 3665.10 3050 0.00
0.17 20 5304.00 3665.10 3050 0.00
0.17 21 0.00 3430.35 3050 0.00
0.17 20 1622.00 3430.35 3050 0.00
0.17 19 5087.00 3430.35 3050 0.00
0.17 20 0.00 3320.71 3050 0.00
0.17 19 1900.00 3320.71 3050 0.00
0.17 18 4878.00 3320.71 3050 0.00
0.17 19 0.00 3256.72 3050 0.00
0.17 18 2330.00 3256.72 3050 0.00
0.17 17 5238.00 3256.72 3050 0.00
0.18 18 0.00 3219.77 3050 0.00
0.18 17 2887.00 3219.77 3050 0.00
0.18 16 5161.00 3219.77 3050 0.00
0.18 17 0.00 3073.81 3050 0.00
0.18 16 3141.00 3073.81 3050 0.00
0.18 17 218.00 3037.42 1950 0.00
0.18 18 1523.00 3069.49 1950 0.00
0.18 19 1868.00 3116.75 1950 0.00
0.18 20 990.00 3185.58 1950 0.00
0.18 21 0.00 3260.63 1950 0.00
0.19 22 0.00 3339.65 1950 0.00
0.19 21 2093.00 3339.65 1950 0.00
0.19 22 0.00 3428.47 1950 0.00
0.19 23 0.00 3528.46 1950 0.00
0.19 22 1048.00 3528.46 1950 0.00
0.19 23 0.00 3638.76 1950 0.00
0.19 22 0.00 3638.76 1950 0.00
0.19 23 0.00 3757.27 3050 0.00
0.19 22 0.00 3757.27 3050 0.00
0.20 21 4571.00 3757.27 3050 0.00
0.20 22 0.00 3880.20 3050 0.00
0.20 21 1708.00 3880.20 3050 0.00
0.20 22 0.00 4022.23 3050 0.00
0.20 21 1962.00 4022.23 3050 0.00
0.20 22 0.00 4170.99 3050 0.00
0.20 21 2068.00 4170.99 3050 0.00
0.20 20 4780.00 4170.99 3050 0.00
0.20 21 0.00 4130.64 3050 0.00
0.20 20 2682.00 4130.64 3050 0.00
0.20 19 5124.00 4130.64 3050 0.00
0.21 20 0.00 3984.02 3050 0.00
0.21 19 3141.00 3984.02 3050 0.00
0.21 18 5574.00 3984.02 3050 0.00
0.21 19 0.00 3762.64 3050 0.00
0.21 18 3592.00 3762.64 3050 0.00
0.21 19 0.00 3548.87 3050 0.00
0.21 18 1048.00 3548.87 3050 0.00
0.21 17 4190.00 3548.87 3050 0.00
0.21 18 0.00 3355.33 3050 0.00
0.21 17 1556.00 3355.33 3050 0.00
0.22 16 4186.00 3355.33 3050 0.00
0.22 17 0.00 3178.68 3050 0.00
0.22 16 2031.00 3178.68 3050 0.00
0.22 15 4558.00 3178.68 3050 0.00
0.22 16 0.00 3009.18 1950 0.00
0.22 15 3731.00 3009.18 1950 0.00
0.22 18 38.00 2961.86 1950 0.00
0.22 19 0.00 2992.23 1950 0.00
0.22 20 0.00 3045.49 1950 0.00
0.23 21 0.00 3115.85 1950 0.00
0.23 20 2654.00 3115.85 1950 0.00
0.23 21 720.00 3199.90 1950 0.00
0.23 22 0.00 3294.88 1950 0.00
0.23 21 2093.00 3294.88 1950 0.00
0.23 22 0.00 3398.59 1950 0.00
0.23 23 0.00 3508.57 1950 0.00
0.23 22 1662.00 3508.57 1950 0.00
0.23 23 0.00 3624.62 1950 0.00
0.23 22 0.00 3624.62 3050 0.00
0.23 21 4706.00 3624.62 3050 0.00
0.24 22 0.00 3745.44 3050 0.00
0.24 21 2093.00 3745.44 3050 0.00
0.24 22 0.00 3886.55 3050 0.00
0.24 21 0.00 3886.55 3050 0.00
0.24 20 5754.00 3886.55 3050 0.00
0.24 21 0.00 4043.49 3050 0.00
0.24 20 2490.00 4043.49 3050 0.00
0.24 19 5226.00 4043.49 3050 0.00
0.24 20 0.00 3918.25 3050 0.00
0.24 19 2154.00 3918.25 3050 0.00
0.25 18 5238.00 3918.25 3050 0.00
0.25 19 0.00 3652.75 3050 0.00
0.25 18 2555.00 3652.75 3050 0.00
0.25 17 5791.00 3652.75 3050 0.00
0.25 18 1048.00 3484.72 3050 0.00
0.25 17 3137.00 3484.72 3050 0.00
0.25 16 6025.00 3484.72 3050 0.00
0.25 17 1048.00 3279.89 3050 0.00
0.25 16 3317.00 3279.89 3050 0.00
0.26 17 0.00 3135.87 3050 0.00
0.26 16 1548.00 3135.87 3050 0.00
0.26 15 4108.00 3135.87 3050 0.00
0.26 16 0.00 2986.21 1950 0.00
0.26 15 2342.00 2986.21 1950 0.00
0.26 16 570.00 2793.85 1950 0.00
0.26 17 0.00 2701.49 1950 0.00
0.26 18 1020.00 2672.42 1950 0.00
0.26 19 0.00 2678.09 1950 0.00
0.26 20 0.00 2710.35 1950 0.00
0.27 19 3444.00 2710.35 1950 0.00
0.27 20 1048.00 2759.28 1950 0.00
0.27 21 0.00 2825.37 1950 0.00
0.27 22 0.00 2902.33 1950 0.00
0.27 21 2121.00 2902.33 1950 0.00
0.27 22 0.00 2984.12 1950 0.00
0.27 23 0.00 3066.02 1950 0.00
0.27 22 2695.00 3066.02 1950 0.00
0.27 23 0.00 3147.64 1950 0.00
0.27 24 0.00 3229.02 1950 0.00
0.28 23 844.00 3229.02 1950 0.00
0.28 24 0.00 3310.19 1950 0.00
0.28 25 0.00 3391.23 1950 0.00
0.28 24 0.00 3391.23 1950 0.00
0.28 23 3518.00 3391.23 1950 0.00
0.28 24 0.00 3472.14 1950 0.00
0.28 25 0.00 3567.19 1950 0.00
0.28 24 1904.00 3567.19 1950 0.00
0.28 25 0.00 3659.31 1950 0.00
0.28 24 583.00 3659.31 3050 0.00
0.28 25 0.00 3749.11 3050 0.00
0.29 24 0.00 3749.11 3050 0.00
0.29 25 0.00 3845.21 3050 0.00
0.29 24 0.00 3845.21 3050 0.00
0.29 23 3682.00 3845.21 3050 0.00
0.29 24 0.00 3946.34 3050 0.00
0.29 23 214.00 3946.34 3050 0.00
0.29 22 5910.00 3946.34 3050 0.00
0.29 23 0.00 4055.38 3050 0.00
0.29 22 2748.00 4055.38 3050 0.00
0.29 23 0.00 4169.19 3050 0.00
0.30 22 0.00 4169.19 3050 0.00
0.30 21 4538.00 4169.19 3050 0.00
0.30 22 0.00 4303.92 3050 0.00
0.30 21 3461.00 4303.92 3050 0.00
