Time2 BufferSize2 VideoLevel2 DownloadTime2 RequestInterval2 BufferVariation2, PreviousQuality2
60.00 0.00 450 0.00 0.00 2.00 0
61.00 0.00 450 0.00 0.00 2.00 0
62.00 7.00 700 0.40 0.00 1.60 700
63.00 10.00 700 0.39 0.00 1.61 700
64.00 17.00 700 0.20 0.00 1.80 700
65.00 22.00 700 0.39 0.43 1.18 700
66.00 23.00 700 0.39 1.29 0.32 700
67.00 22.00 1200 0.39 1.29 0.32 700
68.00 23.00 1200 0.63 1.15 0.22 1200
69.00 24.00 1200 0.31 1.20 0.49 1200
70.00 23.00 1200 0.31 1.20 0.49 1200
71.00 24.00 1200 0.31 1.05 0.64 1200
72.00 25.00 1200 0.31 1.11 0.57 1200
73.00 24.00 1200 0.31 1.11 0.57 1200
74.00 25.00 1200 0.60 1.62 -0.22 1200
75.00 24.00 1200 0.60 1.62 -0.22 1200
76.00 25.00 1950 0.68 1.44 -0.13 1950
77.00 24.00 1950 0.68 1.44 -0.13 1950
78.00 25.00 1950 0.55 1.29 0.17 1950
79.00 24.00 1950 0.55 1.29 0.17 1950
80.00 25.00 1950 0.69 1.16 0.15 1950
81.00 24.00 1950 0.69 1.16 0.15 1950
82.00 25.00 1950 0.85 1.68 -0.54 1950
83.00 24.00 1950 0.85 1.68 -0.54 1950
84.00 23.00 3050 0.85 1.68 -0.54 1950
85.00 24.00 3050 0.72 1.35 -0.07 3050
86.00 23.00 3050 0.72 1.35 -0.07 3050
87.00 24.00 3050 0.72 1.23 0.05 3050
88.00 23.00 3050 0.72 1.23 0.05 3050
89.00 24.00 3050 0.72 1.13 0.15 3050
90.00 23.00 3050 0.72 1.13 0.15 3050
91.00 24.00 3050 0.72 1.04 0.24 3050
92.00 25.00 3050 0.72 1.62 -0.34 3050
93.00 24.00 3050 0.72 1.62 -0.34 3050
94.00 23.00 4250 0.72 1.62 -0.34 3050
95.00 22.00 4250 0.72 1.62 -0.34 3050
96.00 23.00 4250 1.80 1.18 -0.98 4250
97.00 22.00 4250 1.80 1.18 -0.98 4250
98.00 21.00 4250 1.80 1.18 -0.98 4250
99.00 22.00 4250 1.66 1.02 -0.67 4250
100.00 21.00 4250 1.66 1.02 -0.67 4250
101.00 22.00 4250 1.26 1.03 -0.29 4250
102.00 21.00 4250 1.26 1.03 -0.29 4250
103.00 22.00 4250 1.22 1.03 -0.25 4250
104.00 21.00 4250 1.22 1.03 -0.25 4250
105.00 20.00 4250 1.22 1.03 -0.25 4250
106.00 21.00 4250 1.45 0.81 -0.26 4250
107.00 20.00 4250 1.45 0.81 -0.26 4250
108.00 21.00 4250 1.46 0.79 -0.24 4250
109.00 20.00 4250 1.46 0.79 -0.24 4250
110.00 21.00 4250 1.68 0.83 -0.51 4250
111.00 20.00 4250 1.68 0.83 -0.51 4250
112.00 19.00 4250 1.68 0.83 -0.51 4250
113.00 20.00 4250 1.91 0.69 -0.61 4250
114.00 19.00 4250 1.91 0.69 -0.61 4250
115.00 18.00 4250 1.91 0.69 -0.61 4250
116.00 19.00 4250 1.69 0.73 -0.42 4250
117.00 18.00 4250 1.69 0.73 -0.42 4250
118.00 19.00 4250 1.35 0.74 -0.09 4250
119.00 18.00 4250 1.35 0.74 -0.09 4250
120.00 19.00 4250 1.38 0.53 0.09 4250
121.00 18.00 4250 1.38 0.53 0.09 4250
122.00 17.00 4250 1.38 0.53 0.09 4250
123.00 18.00 3050 2.58 0.04 -0.61 4250
124.00 17.00 3050 2.58 0.04 -0.61 4250
125.00 18.00 3050 2.58 0.20 -0.78 3050
126.00 17.00 3050 2.58 0.20 -0.78 3050
127.00 16.00 3050 2.58 0.20 -0.78 3050
128.00 17.00 3050 2.76 0.00 -0.76 3050
129.00 16.00 3050 2.76 0.00 -0.76 3050
130.00 15.00 3050 2.76 0.00 -0.76 3050
131.00 16.00 3050 2.69 0.00 -0.69 3050
132.00 15.00 3050 2.69 0.00 -0.69 3050
133.00 14.00 3050 2.69 0.00 -0.69 3050
134.00 15.00 1950 2.74 0.00 -0.74 3050
135.00 14.00 1950 2.74 0.00 -0.74 3050
136.00 15.00 1950 1.85 0.00 0.15 1950
137.00 16.00 1950 1.79 0.00 0.21 1950
138.00 15.00 1950 1.79 0.00 0.21 1950
139.00 16.00 1950 1.79 0.00 0.21 1950
140.00 15.00 1950 1.79 0.00 0.21 1950
141.00 16.00 1950 1.76 0.00 0.24 1950
142.00 17.00 1950 0.87 0.00 1.13 1950
143.00 18.00 1950 0.90 0.15 0.94 1950
144.00 19.00 1950 0.83 0.32 0.85 1950
145.00 20.00 1950 0.83 0.47 0.70 1950
146.00 21.00 1950 0.90 0.63 0.47 1950
147.00 20.00 1950 0.90 0.63 0.47 1950
148.00 21.00 1950 0.86 0.58 0.56 1950
149.00 22.00 1950 0.90 0.73 0.37 1950
150.00 21.00 1950 0.90 0.73 0.37 1950
151.00 22.00 1950 0.66 0.67 0.67 1950
152.00 23.00 1950 0.48 0.82 0.70 1950
153.00 24.00 1950 0.48 0.96 0.56 1950
154.00 23.00 1950 0.48 0.96 0.56 1950
155.00 24.00 1950 0.48 1.10 0.42 1950
156.00 25.00 1950 0.69 1.63 -0.32 1950
157.00 24.00 1950 0.69 1.63 -0.32 1950
158.00 23.00 3050 0.69 1.63 -0.32 1950
159.00 24.00 3050 1.05 1.32 -0.37 3050
160.00 23.00 3050 1.05 1.32 -0.37 3050
161.00 22.00 3050 1.05 1.32 -0.37 3050
162.00 23.00 3050 1.42 1.07 -0.49 3050
163.00 22.00 3050 1.42 1.07 -0.49 3050
164.00 21.00 3050 1.42 1.07 -0.49 3050
165.00 22.00 3050 1.78 0.93 -0.71 3050
166.00 21.00 3050 1.78 0.93 -0.71 3050
167.00 22.00 3050 1.93 1.01 -0.94 3050
168.00 21.00 3050 1.93 1.01 -0.94 3050
169.00 20.00 3050 1.93 1.01 -0.94 3050
170.00 21.00 3050 1.85 0.86 -0.71 3050
171.00 20.00 3050 1.85 0.86 -0.71 3050
172.00 19.00 3050 1.85 0.86 -0.71 3050
173.00 20.00 3050 2.00 0.75 -0.75 3050
174.00 19.00 3050 2.00 0.75 -0.75 3050
175.00 18.00 3050 2.00 0.75 -0.75 3050
176.00 19.00 3050 2.52 0.73 -1.25 3050
177.00 18.00 3050 2.52 0.73 -1.25 3050
178.00 17.00 3050 2.52 0.73 -1.25 3050
179.00 16.00 3050 2.52 0.73 -1.25 3050
180.00 17.00 1950 2.53 0.00 -0.53 3050
181.00 18.00 1950 1.32 0.00 0.68 1950
182.00 19.00 1950 0.60 0.15 1.25 1950
183.00 22.00 1950 0.48 0.72 0.80 1950
184.00 21.00 1950 0.48 0.72 0.80 1950
185.00 22.00 1950 0.48 0.69 0.83 1950
186.00 23.00 1950 0.48 0.85 0.67 1950
187.00 24.00 1950 0.57 1.00 0.43 1950
188.00 23.00 1950 0.57 1.00 0.43 1950
189.00 24.00 1950 0.68 0.94 0.38 1950
190.00 23.00 1950 0.68 0.94 0.38 1950
191.00 24.00 1950 0.77 1.49 -0.26 1950
192.00 23.00 3050 0.77 1.49 -0.26 1950
193.00 24.00 3050 0.72 1.38 -0.10 3050
194.00 23.00 3050 0.72 1.38 -0.10 3050
195.00 24.00 3050 1.11 1.28 -0.39 3050
196.00 23.00 3050 1.11 1.28 -0.39 3050
197.00 24.00 3050 0.72 1.18 0.10 3050
198.00 23.00 3050 0.72 1.18 0.10 3050
199.00 24.00 3050 0.72 1.09 0.19 3050
200.00 23.00 3050 0.72 1.09 0.19 3050
201.00 24.00 3050 1.08 1.03 -0.11 3050
202.00 23.00 3050 1.08 1.03 -0.11 3050
203.00 22.00 3050 1.08 1.03 -0.11 3050
204.00 23.00 3050 1.85 0.87 -0.72 3050
205.00 22.00 3050 1.85 0.87 -0.72 3050
206.00 21.00 3050 1.85 0.87 -0.72 3050
207.00 22.00 3050 1.99 0.86 -0.84 3050
208.00 21.00 3050 1.99 0.86 -0.84 3050
209.00 20.00 3050 1.99 0.86 -0.84 3050
210.00 21.00 3050 2.00 0.83 -0.83 3050
211.00 20.00 3050 2.00 0.83 -0.83 3050
212.00 19.00 3050 2.00 0.83 -0.83 3050
213.00 20.00 3050 2.15 0.76 -0.91 3050
214.00 19.00 3050 2.15 0.76 -0.91 3050
215.00 18.00 3050 2.15 0.76 -0.91 3050
216.00 19.00 3050 2.11 0.64 -0.75 3050
217.00 18.00 3050 2.11 0.64 -0.75 3050
218.00 17.00 3050 2.11 0.64 -0.75 3050
219.00 18.00 3050 2.21 0.49 -0.70 3050
220.00 17.00 3050 2.21 0.49 -0.70 3050
221.00 18.00 3050 2.13 0.55 -0.67 3050
222.00 17.00 3050 2.13 0.55 -0.67 3050
223.00 18.00 3050 1.01 0.55 0.44 3050
224.00 19.00 3050 0.72 0.73 0.55 3050
225.00 18.00 3050 0.72 0.73 0.55 3050
226.00 19.00 3050 0.72 0.89 0.39 3050
227.00 20.00 3050 0.72 0.83 0.45 3050
228.00 19.00 3050 0.72 0.83 0.45 3050
229.00 20.00 3050 0.72 0.75 0.52 3050
230.00 21.00 3050 0.72 0.88 0.40 3050
231.00 20.00 3050 0.72 0.88 0.40 3050
232.00 21.00 3050 0.72 0.80 0.48 3050
233.00 22.00 3050 0.72 0.93 0.35 3050
234.00 21.00 3050 0.72 0.93 0.35 3050
235.00 22.00 3050 0.72 0.85 0.43 3050
236.00 21.00 3050 0.72 0.85 0.43 3050
237.00 22.00 3050 0.72 0.98 0.30 3050
238.00 21.00 3050 0.72 0.98 0.30 3050
239.00 22.00 3050 1.14 0.73 0.13 3050
240.00 23.00 3050 1.00 0.88 0.12 3050
241.00 22.00 3050 1.00 0.88 0.12 3050
242.00 21.00 3050 1.00 0.88 0.12 3050
243.00 22.00 3050 1.38 0.68 -0.05 3050
244.00 21.00 3050 1.38 0.68 -0.05 3050
245.00 22.00 3050 2.04 0.85 -0.89 3050
246.00 21.00 3050 2.04 0.85 -0.89 3050
247.00 20.00 3050 2.04 0.85 -0.89 3050
248.00 21.00 3050 2.02 0.79 -0.81 3050
249.00 20.00 3050 2.02 0.79 -0.81 3050
250.00 19.00 3050 2.02 0.79 -0.81 3050
251.00 20.00 3050 2.06 0.70 -0.77 3050
252.00 19.00 3050 2.06 0.70 -0.77 3050
253.00 18.00 3050 2.06 0.70 -0.77 3050
254.00 19.00 3050 2.15 0.53 -0.68 3050
255.00 18.00 3050 2.15 0.53 -0.68 3050
256.00 17.00 3050 2.15 0.53 -0.68 3050
257.00 18.00 1950 2.31 0.00 -0.31 3050
258.00 17.00 1950 2.31 0.00 -0.31 3050
259.00 18.00 1950 1.71 0.28 0.01 1950
260.00 17.00 1950 1.71 0.28 0.01 1950
261.00 18.00 1950 1.81 0.42 -0.23 1950
262.00 19.00 1950 0.77 0.51 0.72 1950
263.00 20.00 1950 0.52 0.77 0.71 1950
264.00 21.00 1950 0.48 0.98 0.55 1950
265.00 20.00 1950 0.48 0.98 0.55 1950
266.00 21.00 1950 0.48 1.14 0.38 1950
267.00 22.00 1950 0.48 1.06 0.46 1950
268.00 21.00 1950 0.48 1.06 0.46 1950
269.00 22.00 1950 0.48 0.96 0.56 1950
270.00 23.00 1950 0.48 1.06 0.47 1950
271.00 22.00 1950 0.48 1.06 0.47 1950
272.00 23.00 1950 0.48 0.95 0.57 1950
273.00 24.00 1950 0.48 1.06 0.47 1950
274.00 23.00 1950 0.48 1.06 0.47 1950
275.00 24.00 1950 0.48 1.17 0.36 1950
276.00 25.00 1950 0.48 1.69 -0.17 1950
277.00 24.00 1950 0.48 1.69 -0.17 1950
278.00 23.00 3050 0.48 1.69 -0.17 1950
279.00 24.00 3050 0.72 1.36 -0.08 3050
280.00 23.00 3050 0.72 1.36 -0.08 3050
281.00 24.00 3050 0.72 1.24 0.04 3050
282.00 23.00 3050 0.72 1.24 0.04 3050
283.00 24.00 3050 0.72 1.13 0.15 3050
284.00 23.00 3050 0.72 1.13 0.15 3050
285.00 24.00 3050 0.76 1.24 0.00 3050
286.00 23.00 3050 0.76 1.24 0.00 3050
287.00 24.00 3050 1.38 1.49 -0.86 3050
288.00 23.00 3050 1.38 1.49 -0.86 3050
289.00 22.00 4250 1.38 1.49 -0.86 3050
290.00 23.00 4250 1.69 1.28 -0.97 4250
291.00 22.00 4250 1.69 1.28 -0.97 4250
292.00 21.00 4250 1.69 1.28 -0.97 4250
293.00 22.00 4250 1.64 1.07 -0.71 4250
294.00 21.00 4250 1.64 1.07 -0.71 4250
295.00 20.00 4250 1.64 1.07 -0.71 4250
296.00 21.00 4250 1.63 0.86 -0.49 4250
297.00 20.00 4250 1.63 0.86 -0.49 4250
298.00 21.00 4250 1.54 0.82 -0.36 4250
299.00 20.00 4250 1.54 0.82 -0.36 4250
