Time BufferSize VideoLevel DownloadTime RequestInterval BufferVariation
0.00 0.00 450 0.00 0.00 2.00
1.00 3.00 1200 0.15 0.00 1.85
2.00 8.00 1200 0.31 0.00 1.69
3.00 15.00 1200 0.31 0.00 1.69
4.00 18.00 1200 0.31 0.16 1.52
5.00 21.00 1200 0.31 0.35 1.33
6.00 22.00 1200 0.31 1.04 0.64
7.00 23.00 1950 0.48 1.26 0.27
8.00 22.00 1950 0.48 1.26 0.27
9.00 21.00 4250 0.48 1.26 0.27
10.00 22.00 4250 0.99 0.97 0.04
11.00 21.00 4250 0.99 0.97 0.04
12.00 22.00 4250 0.99 0.84 0.17
13.00 23.00 4250 0.99 1.26 -0.25
14.00 22.00 4250 0.99 1.26 -0.25
15.00 21.00 6050 0.99 1.26 -0.25
16.00 22.00 6050 1.39 1.20 -0.58
17.00 21.00 6050 1.39 1.20 -0.58
18.00 20.00 6050 1.39 1.20 -0.58
19.00 21.00 6050 1.39 0.95 -0.33
20.00 20.00 6050 1.39 0.95 -0.33
21.00 21.00 6050 1.39 0.91 -0.30
22.00 20.00 6050 1.39 0.91 -0.30
23.00 21.00 6050 1.39 0.69 -0.07
24.00 20.00 6050 1.39 0.69 -0.07
25.00 21.00 6050 1.39 0.66 -0.05
26.00 20.00 6050 1.39 0.66 -0.05
27.00 21.00 6050 1.39 0.65 -0.03
28.00 20.00 6050 1.39 0.65 -0.03
29.00 21.00 6050 1.39 0.63 -0.02
30.00 20.00 6050 1.39 0.63 -0.02
31.00 21.00 6050 1.39 0.62 -0.01
32.00 20.00 6050 1.39 0.62 -0.01
33.00 21.00 6050 1.39 0.62 -0.00
34.00 20.00 6050 1.39 0.62 -0.00
35.00 21.00 6050 1.39 0.61 0.00
36.00 20.00 6050 1.39 0.61 0.00
37.00 21.00 6050 1.39 0.61 0.01
38.00 20.00 6050 1.39 0.61 0.01
39.00 21.00 6050 1.39 0.60 0.01
40.00 20.00 6050 1.39 0.60 0.01
41.00 21.00 6050 1.39 0.60 0.02
42.00 20.00 6050 1.39 0.60 0.02
43.00 21.00 6050 1.39 0.60 0.02
44.00 20.00 6050 1.39 0.60 0.02
45.00 21.00 6050 1.39 0.59 0.02
46.00 20.00 6050 1.39 0.59 0.02
47.00 21.00 6050 1.39 0.59 0.02
48.00 20.00 6050 1.39 0.59 0.02
49.00 21.00 6050 1.39 0.59 0.02
50.00 20.00 6050 1.39 0.59 0.02
51.00 21.00 6050 1.39 0.59 0.02
52.00 20.00 6050 1.39 0.59 0.02
53.00 21.00 6050 1.39 0.59 0.03
54.00 20.00 6050 1.39 0.59 0.03
55.00 21.00 6050 1.39 0.59 0.03
56.00 20.00 6050 1.39 0.59 0.03
57.00 21.00 6050 1.39 0.59 0.03
58.00 20.00 6050 1.39 0.59 0.03
59.00 21.00 6050 1.39 0.59 0.03
60.00 20.00 6050 1.39 0.59 0.03
61.00 21.00 6050 1.39 0.59 0.03
62.00 20.00 6050 1.39 0.59 0.03
63.00 21.00 6050 1.39 0.59 0.03
64.00 20.00 6050 1.39 0.59 0.03
65.00 21.00 6050 1.39 0.59 0.03
66.00 20.00 6050 1.39 0.59 0.03
67.00 21.00 6050 1.39 0.79 -0.17
68.00 20.00 6050 1.39 0.79 -0.17
69.00 21.00 6050 1.39 0.59 0.03
70.00 20.00 6050 1.39 0.59 0.03
71.00 21.00 6050 1.39 0.59 0.03
72.00 20.00 6050 1.39 0.59 0.03
73.00 21.00 6050 1.39 0.59 0.03
74.00 20.00 6050 1.39 0.59 0.03
75.00 21.00 6050 1.39 0.59 0.03
76.00 20.00 6050 1.39 0.59 0.03
77.00 21.00 6050 1.39 0.59 0.03
78.00 20.00 6050 1.39 0.59 0.03
79.00 21.00 6050 1.39 0.59 0.03
80.00 20.00 6050 1.39 0.59 0.03
81.00 19.00 6050 1.39 0.59 0.03
82.00 20.00 6050 1.86 0.64 -0.51
83.00 19.00 6050 1.86 0.64 -0.51
84.00 18.00 6050 1.86 0.64 -0.51
85.00 19.00 6050 2.67 0.59 -1.26
86.00 18.00 6050 2.67 0.59 -1.26
87.00 17.00 6050 2.67 0.59 -1.26
88.00 18.00 6050 2.67 0.33 -1.00
89.00 17.00 6050 2.67 0.33 -1.00
90.00 16.00 6050 2.67 0.33 -1.00
91.00 17.00 6050 2.67 0.26 -0.93
92.00 16.00 6050 2.67 0.26 -0.93
93.00 15.00 6050 2.67 0.26 -0.93
94.00 16.00 6050 2.67 0.38 -1.05
95.00 15.00 6050 2.67 0.38 -1.05
96.00 14.00 6050 2.67 0.38 -1.05
97.00 15.00 4250 2.67 0.00 -0.67
98.00 14.00 4250 2.67 0.00 -0.67
99.00 15.00 4250 2.00 0.00 0.00
100.00 14.00 4250 2.00 0.00 0.00
101.00 15.00 4250 1.76 0.00 0.24
102.00 16.00 4250 0.99 0.05 0.96
103.00 17.00 4250 0.99 0.26 0.75
104.00 18.00 4250 0.99 0.27 0.75
105.00 19.00 4250 0.99 0.46 0.56
106.00 18.00 4250 0.99 0.46 0.56
107.00 19.00 4250 0.99 0.64 0.37
108.00 18.00 4250 0.99 0.64 0.37
109.00 19.00 4250 0.99 0.61 0.40
110.00 20.00 4250 0.99 0.78 0.23
111.00 19.00 4250 0.99 0.78 0.23
112.00 20.00 4250 0.99 0.75 0.26
113.00 19.00 4250 0.99 0.75 0.26
114.00 20.00 4250 0.99 0.72 0.29
115.00 21.00 4250 0.99 0.68 0.33
116.00 20.00 4250 0.99 0.68 0.33
117.00 21.00 4250 0.99 0.85 0.16
118.00 20.00 4250 0.99 0.85 0.16
119.00 21.00 4250 0.99 0.82 0.20
120.00 20.00 4250 0.99 0.82 0.20
121.00 21.00 4250 1.02 0.78 0.20
122.00 20.00 4250 1.02 0.78 0.20
123.00 21.00 4250 1.82 0.61 -0.43
124.00 20.00 4250 1.82 0.61 -0.43
125.00 19.00 4250 1.82 0.61 -0.43
126.00 20.00 4250 1.82 0.68 -0.50
127.00 19.00 4250 1.82 0.68 -0.50
128.00 20.00 4250 1.82 0.54 -0.36
129.00 19.00 4250 1.82 0.54 -0.36
130.00 18.00 4250 1.82 0.54 -0.36
131.00 19.00 4250 1.82 0.59 -0.41
132.00 18.00 4250 1.82 0.59 -0.41
133.00 19.00 4250 1.82 0.63 -0.45
134.00 18.00 4250 1.82 0.63 -0.45
135.00 19.00 4250 1.82 0.46 -0.29
136.00 18.00 4250 1.82 0.46 -0.29
137.00 17.00 4250 1.82 0.46 -0.29
138.00 18.00 4250 1.82 0.49 -0.32
139.00 17.00 4250 1.82 0.49 -0.32
140.00 18.00 4250 1.82 0.52 -0.34
141.00 17.00 4250 1.82 0.52 -0.34
142.00 18.00 4250 0.99 0.52 0.50
143.00 19.00 4250 0.99 0.70 0.31
144.00 18.00 4250 0.99 0.70 0.31
145.00 19.00 4250 0.99 0.68 0.33
146.00 20.00 4250 0.99 0.66 0.36
147.00 19.00 4250 0.99 0.66 0.36
148.00 20.00 4250 0.99 0.82 0.19
149.00 19.00 4250 0.99 0.82 0.19
150.00 20.00 4250 0.99 0.79 0.22
151.00 19.00 4250 0.99 0.79 0.22
152.00 20.00 4250 0.99 0.75 0.26
153.00 21.00 4250 0.99 0.72 0.29
154.00 20.00 4250 0.99 0.72 0.29
155.00 21.00 4250 0.99 0.88 0.13
156.00 20.00 4250 0.99 0.88 0.13
157.00 21.00 4250 0.99 0.84 0.17
158.00 20.00 4250 0.99 0.84 0.17
159.00 21.00 4250 0.99 0.81 0.20
160.00 20.00 4250 0.99 0.81 0.20
161.00 21.00 4250 0.99 0.77 0.24
162.00 20.00 4250 0.99 0.77 0.24
163.00 21.00 4250 1.82 0.60 -0.42
164.00 20.00 4250 1.82 0.60 -0.42
165.00 19.00 4250 1.82 0.60 -0.42
166.00 20.00 4250 1.82 0.67 -0.49
167.00 19.00 4250 1.82 0.67 -0.49
168.00 20.00 4250 1.82 0.73 -0.55
169.00 19.00 4250 1.82 0.73 -0.55
170.00 18.00 4250 1.82 0.73 -0.55
171.00 19.00 4250 1.82 0.58 -0.40
172.00 18.00 4250 1.82 0.58 -0.40
173.00 19.00 4250 1.82 0.62 -0.45
174.00 18.00 4250 1.82 0.62 -0.45
175.00 17.00 4250 1.82 0.62 -0.45
176.00 18.00 4250 1.82 0.46 -0.28
177.00 17.00 4250 1.82 0.46 -0.28
178.00 18.00 4250 1.82 0.49 -0.31
179.00 17.00 4250 1.82 0.49 -0.31
180.00 18.00 4250 1.82 0.51 -0.34
181.00 17.00 4250 1.82 0.51 -0.34
182.00 18.00 4250 0.99 0.51 0.50
183.00 19.00 4250 0.99 0.70 0.31
184.00 18.00 4250 0.99 0.70 0.31
185.00 19.00 4250 0.99 0.68 0.33
186.00 20.00 4250 0.99 0.65 0.36
187.00 19.00 4250 0.99 0.65 0.36
188.00 20.00 4250 0.99 0.82 0.19
189.00 19.00 4250 0.99 0.82 0.19
190.00 20.00 4250 0.99 0.79 0.22
191.00 19.00 4250 0.99 0.79 0.22
192.00 20.00 4250 0.99 0.75 0.26
193.00 21.00 4250 0.99 0.72 0.30
194.00 20.00 4250 0.99 0.72 0.30
195.00 21.00 4250 0.99 0.88 0.13
196.00 20.00 4250 0.99 0.88 0.13
197.00 21.00 4250 0.99 0.84 0.17
198.00 20.00 4250 0.99 0.84 0.17
199.00 21.00 4250 0.99 0.81 0.20
200.00 20.00 4250 0.99 0.81 0.20
201.00 21.00 4250 1.01 0.77 0.21
202.00 20.00 4250 1.01 0.77 0.21
203.00 21.00 4250 1.82 0.60 -0.43
204.00 20.00 4250 1.82 0.60 -0.43
205.00 19.00 4250 1.82 0.60 -0.43
206.00 20.00 4250 1.82 0.67 -0.49
207.00 19.00 4250 1.82 0.67 -0.49
208.00 20.00 4250 1.82 0.53 -0.35
209.00 19.00 4250 1.82 0.53 -0.35
210.00 18.00 4250 1.82 0.53 -0.35
211.00 19.00 4250 1.82 0.58 -0.40
212.00 18.00 4250 1.82 0.58 -0.40
213.00 19.00 4250 1.82 0.62 -0.45
214.00 18.00 4250 1.82 0.62 -0.45
215.00 19.00 4250 1.82 0.46 -0.28
216.00 18.00 4250 1.82 0.46 -0.28
217.00 17.00 4250 1.82 0.46 -0.28
218.00 18.00 4250 1.82 0.49 -0.31
219.00 17.00 4250 1.82 0.49 -0.31
220.00 18.00 4250 1.82 0.52 -0.34
221.00 19.00 4250 0.99 0.51 0.50
222.00 18.00 4250 0.99 0.51 0.50
223.00 19.00 4250 0.99 0.70 0.31
224.00 18.00 4250 0.99 0.70 0.31
225.00 19.00 4250 0.99 0.68 0.33
226.00 20.00 4250 0.99 0.65 0.36
227.00 19.00 4250 0.99 0.65 0.36
228.00 20.00 4250 0.99 0.82 0.19
229.00 19.00 4250 0.99 0.82 0.19
230.00 20.00 4250 0.99 0.79 0.22
231.00 19.00 4250 0.99 0.79 0.22
232.00 20.00 4250 0.99 0.75 0.26
233.00 21.00 4250 0.99 0.72 0.29
234.00 20.00 4250 0.99 0.72 0.29
235.00 21.00 4250 0.99 0.88 0.13
236.00 20.00 4250 0.99 0.88 0.13
237.00 21.00 4250 0.99 0.84 0.17
238.00 20.00 4250 0.99 0.84 0.17
239.00 21.00 4250 0.99 0.81 0.20
240.00 20.00 4250 0.99 0.81 0.20
241.00 21.00 4250 0.99 0.77 0.24
242.00 20.00 4250 0.99 0.77 0.24
243.00 21.00 4250 1.82 0.80 -0.62
244.00 20.00 4250 1.82 0.80 -0.62
245.00 19.00 4250 1.82 0.80 -0.62
246.00 20.00 4250 1.82 0.67 -0.49
247.00 19.00 4250 1.82 0.67 -0.49
248.00 20.00 4250 1.82 0.53 -0.35
249.00 19.00 4250 1.82 0.53 -0.35
250.00 18.00 4250 1.82 0.53 -0.35
251.00 19.00 4250 1.82 0.58 -0.40
252.00 18.00 4250 1.82 0.58 -0.40
253.00 19.00 4250 1.82 0.62 -0.45
254.00 18.00 4250 1.82 0.62 -0.45
255.00 19.00 4250 1.82 0.46 -0.28
256.00 18.00 4250 1.82 0.46 -0.28
257.00 17.00 4250 1.82 0.46 -0.28
258.00 18.00 4250 1.82 0.49 -0.31
259.00 17.00 4250 1.82 0.49 -0.31
260.00 18.00 4250 1.82 0.51 -0.34
261.00 17.00 4250 1.82 0.51 -0.34
262.00 18.00 4250 0.99 0.51 0.50
263.00 19.00 4250 0.99 0.70 0.31
264.00 18.00 4250 0.99 0.70 0.31
265.00 19.00 4250 0.99 0.68 0.33
266.00 20.00 4250 0.99 0.65 0.36
267.00 19.00 4250 0.99 0.65 0.36
268.00 20.00 4250 0.99 0.82 0.19
269.00 19.00 4250 0.99 0.82 0.19
270.00 20.00 4250 0.99 0.79 0.22
271.00 19.00 4250 0.99 0.79 0.22
272.00 20.00 4250 0.99 0.75 0.26
273.00 21.00 4250 0.99 0.72 0.30
274.00 20.00 4250 0.99 0.72 0.30
275.00 21.00 4250 0.99 0.88 0.13
276.00 20.00 4250 0.99 0.88 0.13
277.00 21.00 4250 0.99 0.84 0.17
278.00 20.00 4250 0.99 0.84 0.17
279.00 21.00 4250 0.99 0.81 0.20
280.00 20.00 4250 0.99 0.81 0.20
281.00 21.00 4250 0.99 0.77 0.24
282.00 22.00 4250 0.99 0.74 0.27
283.00 21.00 4250 0.99 0.74 0.27
284.00 22.00 4250 0.99 0.91 0.10
285.00 21.00 4250 0.99 0.91 0.10
286.00 22.00 4250 0.99 0.88 0.14
287.00 21.00 4250 0.99 0.88 0.14
288.00 22.00 4250 0.99 0.85 0.17
289.00 21.00 4250 0.99 0.85 0.17
290.00 22.00 4250 0.99 0.82 0.19
291.00 23.00 4250 0.99 1.29 -0.28
292.00 22.00 4250 0.99 1.29 -0.28
293.00 21.00 6050 0.99 1.29 -0.28
294.00 22.00 6050 1.39 1.04 -0.42
295.00 21.00 6050 1.39 1.04 -0.42
296.00 20.00 6050 1.39 1.04 -0.42
297.00 21.00 6050 1.39 0.79 -0.18
298.00 20.00 6050 1.39 0.79 -0.18
299.00 21.00 6050 1.39 0.78 -0.17
