Time_panda2 bufferSize_panda2 hasThroughput_panda2 estimatedBW_panda2 videoLevel_panda2 tcpThroughput_panda2
0.06 0 0.00 0.00 450 0.00
0.06 3 0.00 1188.01 700 0.00
0.06 10 1048.00 1305.14 700 0.00
0.06 15 257.00 1414.01 1200 0.00
0.06 18 0.00 1509.51 1200 0.00
0.07 19 411.00 1559.26 1200 0.00
0.07 20 0.00 1609.57 1200 0.00
0.07 21 0.00 1670.52 1200 0.00
0.07 22 0.00 1729.79 1200 0.00
0.07 21 2334.00 1729.79 1200 0.00
0.07 22 90.00 1797.87 1200 0.00
0.07 23 0.00 1862.86 1200 0.00
0.07 24 0.00 1925.36 1200 0.00
0.07 23 0.00 1925.36 1200 0.00
0.07 24 0.00 1996.03 1200 0.00
0.07 25 0.00 2063.08 1200 0.00
0.08 24 0.00 2063.08 1200 0.00
0.08 25 0.00 2127.24 1200 0.00
0.08 26 0.00 2189.08 1200 0.00
0.08 25 0.00 2189.08 1200 0.00
0.08 26 0.00 2253.67 1200 0.00
0.08 25 797.00 2253.67 1200 0.00
0.08 26 0.00 2326.01 1200 0.00
0.08 25 0.00 2326.01 1200 0.00
0.08 26 0.00 2394.40 1950 0.00
0.09 25 0.00 2394.40 1950 0.00
0.09 26 0.00 2465.20 1950 0.00
0.09 25 0.00 2465.20 1950 0.00
0.09 26 0.00 2537.94 1950 0.00
0.09 25 0.00 2537.94 1950 0.00
0.09 26 0.00 2612.23 1950 0.00
0.09 25 0.00 2612.23 1950 0.00
0.09 26 0.00 2687.75 1950 0.00
0.09 25 0.00 2687.75 1950 0.00
0.09 26 0.00 2764.23 1950 0.00
0.10 25 0.00 2764.23 1950 0.00
0.10 26 0.00 2841.51 1950 0.00
0.10 25 0.00 2841.51 1950 0.00
0.10 26 0.00 2919.42 1950 0.00
0.10 25 0.00 2919.42 1950 0.00
0.10 26 0.00 2997.85 1950 0.00
0.10 25 0.00 2997.85 1950 0.00
0.10 26 0.00 3076.69 1950 0.00
0.10 25 0.00 3076.69 1950 0.00
0.10 26 0.00 3155.85 1950 0.00
0.10 25 0.00 3155.85 1950 0.00
0.11 26 0.00 3235.28 1950 0.00
0.11 25 0.00 3235.28 1950 0.00
0.11 26 0.00 3314.91 1950 0.00
0.11 25 698.00 3314.91 1950 0.00
0.11 26 0.00 3394.71 1950 0.00
0.11 25 1048.00 3394.71 1950 0.00
0.11 26 0.00 3474.65 1950 0.00
0.11 25 0.00 3474.65 1950 0.00
0.11 26 0.00 3568.90 1950 0.00
0.12 25 257.00 3568.90 1950 0.00
0.12 26 0.00 3674.68 1950 0.00
0.12 25 0.00 3674.68 1950 0.00
0.12 26 0.00 3775.40 3050 0.00
0.12 25 0.00 3775.40 3050 0.00
0.12 24 3182.00 3775.40 3050 0.00
0.12 25 0.00 3880.23 3050 0.00
0.12 24 0.00 3880.23 3050 0.00
0.12 23 2093.00 3880.23 3050 0.00
0.12 22 4182.00 3880.23 3050 0.00
0.12 23 0.00 3764.36 3050 0.00
0.13 22 0.00 3764.36 3050 0.00
0.13 21 2093.00 3764.36 3050 0.00
0.13 20 4251.00 3764.36 3050 0.00
0.13 21 0.00 3398.69 3050 0.00
0.13 20 0.00 3398.69 3050 0.00
0.13 19 2523.00 3398.69 3050 0.00
0.13 18 5165.00 3398.69 3050 0.00
0.13 19 0.00 3195.16 3050 0.00
0.13 18 1159.00 3195.16 3050 0.00
0.14 17 3735.00 3195.16 3050 0.00
0.14 18 0.00 3038.91 1950 0.00
0.14 17 2093.00 3038.91 1950 0.00
0.14 18 0.00 2828.69 1950 0.00
0.14 17 2093.00 2828.69 1950 0.00
0.14 18 0.00 2701.86 1950 0.00
0.14 17 2093.00 2701.86 1950 0.00
0.14 18 0.00 2584.32 1950 0.00
0.14 17 2093.00 2584.32 1950 0.00
0.14 18 0.00 2496.87 1950 0.00
0.14 17 2093.00 2496.87 1950 0.00
0.15 18 0.00 2456.20 1950 0.00
0.15 17 2093.00 2456.20 1950 0.00
0.15 18 0.00 2419.56 1950 0.00
0.15 17 1978.00 2419.56 1950 0.00
0.15 18 0.00 2381.41 1950 0.00
0.15 17 2093.00 2381.41 1950 0.00
0.15 18 0.00 2353.28 1950 0.00
0.15 17 2093.00 2353.28 1950 0.00
0.15 18 0.00 2315.62 1950 0.00
0.15 17 1892.00 2315.62 1950 0.00
0.16 18 0.00 2288.93 1950 0.00
0.16 17 1425.00 2288.93 1950 0.00
0.16 18 0.00 2278.75 1950 0.00
0.16 17 1048.00 2278.75 1950 0.00
0.16 16 3764.00 2278.75 1950 0.00
0.16 17 2936.00 2269.63 1950 0.00
0.16 18 1048.00 2320.99 1950 0.00
0.16 19 0.00 2391.45 1950 0.00
0.16 18 3731.00 2391.45 1950 0.00
0.17 19 2928.00 2476.71 1950 0.00
0.17 20 437.00 2572.68 1950 0.00
0.17 21 0.00 2669.41 1950 0.00
0.17 20 2895.00 2669.41 1950 0.00
0.17 21 321.00 2774.51 1950 0.00
0.17 22 0.00 2876.10 1950 0.00
0.17 23 0.00 2973.46 1950 0.00
0.17 22 1048.00 2973.46 1950 0.00
0.17 23 0.00 3067.42 1950 0.00
0.17 22 2957.00 3067.42 1950 0.00
0.17 23 0.00 3169.86 1950 0.00
0.18 24 0.00 3271.78 1950 0.00
0.18 23 283.00 3271.78 1950 0.00
0.18 24 0.00 3369.40 1950 0.00
0.18 23 3575.00 3369.40 1950 0.00
0.18 24 0.00 3463.60 1950 0.00
0.18 23 3477.00 3463.60 1950 0.00
0.18 24 0.00 3555.05 1950 0.00
0.18 23 3526.00 3555.05 1950 0.00
0.18 24 0.00 3657.95 1950 0.00
0.18 23 1048.00 3657.95 3050 0.00
0.19 24 0.00 3770.57 3050 0.00
0.19 23 0.00 3770.57 3050 0.00
0.19 22 5595.00 3770.57 3050 0.00
0.19 23 0.00 3890.51 3050 0.00
0.19 22 2691.00 3890.51 3050 0.00
0.19 23 0.00 4018.48 3050 0.00
0.19 22 0.00 4018.48 3050 0.00
0.19 21 4260.00 4018.48 3050 0.00
0.19 22 0.00 4160.67 3050 0.00
0.20 21 3907.00 4160.67 3050 0.00
0.20 22 0.00 4313.43 3050 0.00
0.20 21 5869.00 4313.43 3050 0.00
0.20 22 0.00 4468.30 3050 0.00
0.20 21 4190.00 4468.30 3050 0.00
0.20 22 0.00 4535.20 3050 0.00
0.20 21 4730.00 4535.20 3050 0.00
0.20 22 0.00 4635.02 3050 0.00
0.20 23 0.00 4746.89 3050 0.00
0.20 22 784.00 4746.89 3050 0.00
0.20 23 0.00 4860.65 3050 0.00
0.21 22 1048.00 4860.65 3050 0.00
0.21 23 0.00 4981.03 3050 0.00
0.21 22 849.00 4981.03 3050 0.00
0.21 21 5710.00 4981.03 3050 0.00
0.21 22 0.00 5004.61 3050 0.00
0.21 21 3198.00 5004.61 4250 0.00
0.21 22 0.00 5065.84 4250 0.00
0.21 21 797.00 5065.84 4250 0.00
0.21 20 7753.00 5065.84 4250 0.00
0.21 21 0.00 5156.62 4250 0.00
0.22 20 4296.00 5156.62 4250 0.00
0.22 21 0.00 5159.46 4250 0.00
0.22 20 1396.00 5159.46 4250 0.00
0.22 19 5652.00 5159.46 4250 0.00
0.22 20 0.00 5078.12 4250 0.00
0.22 19 2093.00 5078.12 4250 0.00
0.22 18 6914.00 5078.12 4250 0.00
0.22 19 205.00 5046.93 4250 0.00
0.22 18 5001.00 5046.93 4250 0.00
0.23 19 0.00 5080.00 4250 0.00
0.23 18 3821.00 5080.00 4250 0.00
0.23 19 0.00 5159.38 4250 0.00
0.23 18 3141.00 5159.38 4250 0.00
0.23 19 0.00 5272.61 4250 0.00
0.23 18 3907.00 5272.61 4250 0.00
0.23 19 0.00 5409.60 4250 0.00
0.23 18 5005.00 5409.60 4250 0.00
0.23 19 0.00 5566.06 4250 0.00
0.23 18 6107.00 5566.06 4250 0.00
0.23 19 1048.00 5735.14 4250 0.00
0.24 18 7102.00 5735.14 4250 0.00
0.24 19 1360.00 5818.43 4250 0.00
0.24 18 6660.00 5818.43 4250 0.00
0.24 19 1048.00 5758.97 4250 0.00
0.24 18 6348.00 5758.97 4250 0.00
0.24 19 1048.00 5699.64 4250 0.00
0.24 18 5882.00 5699.64 4250 0.00
0.24 19 750.00 5649.15 4250 0.00
0.24 18 5271.00 5649.15 4250 0.00
0.24 19 98.00 5607.68 4250 0.00
0.25 18 4899.00 5607.68 4250 0.00
0.25 19 0.00 5573.14 4250 0.00
0.25 18 4190.00 5573.14 4250 0.00
0.25 19 0.00 5545.34 4250 0.00
0.25 18 4190.00 5545.34 4250 0.00
0.25 19 0.00 5522.55 4250 0.00
0.25 18 3362.00 5522.55 4250 0.00
0.25 19 0.00 5504.25 4250 0.00
0.25 18 3141.00 5504.25 4250 0.00
0.26 19 0.00 5488.90 4250 0.00
0.26 18 3158.00 5488.90 4250 0.00
0.26 19 0.00 5368.84 4250 0.00
0.26 18 2801.00 5368.84 4250 0.00
0.26 17 7335.00 5368.84 4250 0.00
0.26 18 1810.00 5238.65 4250 0.00
0.26 17 6287.00 5238.65 4250 0.00
0.26 18 548.00 5134.72 4250 0.00
0.26 17 5238.00 5134.72 4250 0.00
0.26 18 0.00 5052.18 4250 0.00
0.27 17 3883.00 5052.18 4250 0.00
0.27 18 0.00 4986.55 4250 0.00
0.27 17 3141.00 4986.55 4250 0.00
0.27 16 8474.00 4986.55 4250 0.00
0.27 17 2887.00 4934.64 4250 0.00
0.27 16 7376.00 4934.64 4250 0.00
0.27 17 2093.00 4893.12 4250 0.00
0.27 16 6565.00 4893.12 4250 0.00
0.27 17 1425.00 4859.89 4250 0.00
0.27 16 6209.00 4859.89 4250 0.00
0.28 17 990.00 4832.71 4250 0.00
0.28 16 5238.00 4832.71 4250 0.00
0.28 17 0.00 4811.57 4250 0.00
0.28 16 4432.00 4811.57 4250 0.00
0.28 17 0.00 4795.26 4250 0.00
0.28 16 3887.00 4795.26 4250 0.00
0.28 17 0.00 4781.61 4250 0.00
0.28 16 4088.00 4781.61 4250 0.00
0.28 17 0.00 4770.68 4250 0.00
0.28 16 4190.00 4770.68 4250 0.00
0.28 17 0.00 4761.95 4250 0.00
0.29 16 4190.00 4761.95 4250 0.00
0.29 17 0.00 4755.56 4250 0.00
0.29 16 4190.00 4755.56 4250 0.00
0.29 17 0.00 4750.45 4250 0.00
0.29 16 4190.00 4750.45 4250 0.00
0.29 17 0.00 4746.36 4250 0.00
0.29 16 4190.00 4746.36 4250 0.00
0.29 17 0.00 4742.48 4250 0.00
0.29 16 4190.00 4742.48 4250 0.00
0.29 17 0.00 4739.39 4250 0.00
0.30 16 4190.00 4739.39 4250 0.00
0.30 17 0.00 4736.91 4250 0.00
0.30 16 4190.00 4736.91 4250 0.00
0.30 17 0.00 4734.93 4250 0.00
