Time_proposed2 bufferSize_proposed2 hasThroughput_proposed2 estimatedBW_proposed2 videoLevel_proposed2 tcpThroughput_proposed2
0.06 0 0.00 0.00 450 0.00
0.06 0 591.00 0.00 450 0.00
0.06 7 0.00 963.23 700 0.00
0.06 10 1048.00 1055.67 700 0.00
0.06 17 227.00 1270.84 700 0.00
0.07 22 0.00 1408.33 700 0.00
0.07 23 0.00 1622.44 700 0.00
0.07 22 1425.00 1622.44 1200 0.00
0.07 23 0.00 2562.03 1200 0.00
0.07 24 0.00 4607.53 1950 0.00
0.07 23 2093.00 4607.53 1950 0.00
0.07 24 0.00 5631.31 1950 0.00
0.07 23 1048.00 5631.31 4250 0.00
0.07 22 5607.00 5631.31 4250 0.00
0.07 23 0.00 5693.23 4250 0.00
0.07 22 1175.00 5693.23 4250 0.00
0.08 21 6164.00 5693.23 4250 0.00
0.08 22 0.00 5596.60 4250 0.00
0.08 21 3248.00 5596.60 4250 0.00
0.08 22 0.00 5573.79 4250 0.00
0.08 21 2093.00 5573.79 4250 0.00
0.08 22 0.00 5603.39 4250 0.00
0.08 21 0.00 5603.39 4250 0.00
0.08 20 6909.00 5603.39 4250 0.00
0.08 21 0.00 5633.67 4250 0.00
0.09 20 4608.00 5633.67 4250 0.00
0.09 21 0.00 5595.82 4250 0.00
0.09 20 2334.00 5595.82 4250 0.00
0.09 21 0.00 5575.55 4250 0.00
0.09 20 1048.00 5575.55 4250 0.00
0.09 19 7610.00 5575.55 4250 0.00
0.09 20 1048.00 5556.14 4250 0.00
0.09 19 6152.00 5556.14 4250 0.00
0.09 20 0.00 5433.97 4250 0.00
0.09 19 4190.00 5433.97 4250 0.00
0.10 20 0.00 5339.89 4250 0.00
0.10 19 2617.00 5339.89 4250 0.00
0.10 18 8179.00 5339.89 4250 0.00
0.10 19 1048.00 5280.63 4250 0.00
0.10 18 6320.00 5280.63 4250 0.00
0.10 19 0.00 5126.17 4250 0.00
0.10 18 4341.00 5126.17 4250 0.00
0.10 19 0.00 4988.70 4250 0.00
0.10 18 2093.00 4988.70 4250 0.00
0.10 17 7360.00 4988.70 4250 0.00
0.10 18 1798.00 4886.69 4250 0.00
0.11 17 6320.00 4886.69 4250 0.00
0.11 18 0.00 4810.48 4250 0.00
0.11 17 4522.00 4810.48 4250 0.00
0.11 18 0.00 4812.91 4250 0.00
0.11 17 4190.00 4812.91 4250 0.00
0.11 18 0.00 4824.94 4250 0.00
0.11 17 4755.00 4824.94 4250 0.00
0.11 18 0.00 4831.82 4250 0.00
0.11 17 5267.00 4831.82 4250 0.00
0.12 18 0.00 4896.09 4250 0.00
0.12 17 6369.00 4896.09 4250 0.00
0.12 18 964.00 4998.54 4250 0.00
0.12 17 7467.00 4998.54 4250 0.00
0.12 18 2093.00 5128.42 4250 0.00
0.12 19 0.00 5231.68 4250 0.00
0.12 18 1114.00 5231.68 4250 0.00
0.12 17 3772.00 5231.68 4250 0.00
0.12 16 6275.00 5231.68 4250 0.00
0.12 17 0.00 4766.32 4250 0.00
0.12 16 1835.00 4766.32 4250 0.00
0.13 15 4169.00 4766.32 4250 0.00
0.13 14 6291.00 4766.32 4250 0.00
0.13 15 0.00 4127.52 3050 0.00
0.13 14 2093.00 4127.52 3050 0.00
0.13 13 4186.00 4127.52 3050 0.00
0.13 14 0.00 3744.29 3050 0.00
0.13 13 2572.00 3744.29 3050 0.00
0.13 12 4857.00 3744.29 3050 0.00
0.13 13 1048.00 3433.84 3050 0.00
0.14 12 3137.00 3433.84 3050 0.00
0.14 11 5234.00 3433.84 3050 0.00
0.14 12 1048.00 3166.83 3050 0.00
0.14 11 3137.00 3166.83 3050 0.00
0.14 10 5242.00 3166.83 3050 0.00
0.14 11 1048.00 2963.22 1950 0.00
0.14 12 1048.00 2896.54 1950 0.00
0.14 13 1499.00 2893.65 1950 0.00
0.14 14 2093.00 2920.27 1950 0.00
0.14 15 2928.00 2970.53 1950 0.00
0.14 16 3493.00 3039.67 1950 0.00
0.15 19 0.00 3220.30 1950 0.00
0.15 20 0.00 3326.30 1950 0.00
0.15 21 0.00 3439.70 1950 0.00
0.15 22 0.00 3553.58 1950 0.00
0.15 23 0.00 3669.20 1950 0.00
0.15 22 0.00 3669.20 1950 0.00
0.15 21 4235.00 3669.20 3050 0.00
0.15 22 0.00 4563.09 3050 0.00
0.15 23 0.00 5012.46 3050 0.00
0.15 22 0.00 5012.46 3050 0.00
0.16 21 6029.00 5012.46 4250 0.00
0.16 22 0.00 6315.88 4250 0.00
0.16 21 6590.00 6315.88 4250 0.00
0.16 22 300.00 6871.12 4250 0.00
0.16 21 5091.00 6871.12 4250 0.00
0.16 22 0.00 6644.01 4250 0.00
0.16 21 1048.00 6644.01 4250 0.00
0.16 20 3137.00 6644.01 4250 0.00
0.16 19 5304.00 6644.01 4250 0.00
0.17 18 8364.00 6644.01 4250 0.00
0.17 19 1155.00 5695.47 4250 0.00
0.17 18 3776.00 5695.47 4250 0.00
0.17 17 6033.00 5695.47 4250 0.00
0.17 16 8368.00 5695.47 4250 0.00
0.17 17 1552.00 5052.80 4250 0.00
0.17 16 4079.00 5052.80 4250 0.00
0.17 15 6283.00 5052.80 4250 0.00
0.17 14 8380.00 5052.80 4250 0.00
0.17 15 1634.00 4437.45 4250 0.00
0.17 14 3956.00 4437.45 4250 0.00
0.18 13 6275.00 4437.45 4250 0.00
0.18 12 8388.00 4437.45 4250 0.00
0.18 13 1048.00 3980.91 3050 0.00
0.18 12 3375.00 3980.91 3050 0.00
0.18 11 5615.00 3980.91 3050 0.00
0.18 12 3166.00 3603.78 3050 0.00
0.18 13 1286.00 3398.30 3050 0.00
0.18 14 0.00 3285.53 3050 0.00
0.18 13 4272.00 3285.53 3050 0.00
0.18 14 2994.00 3240.57 3050 0.00
0.19 15 1048.00 3249.90 3050 0.00
0.19 16 0.00 3302.65 3050 0.00
0.19 15 5746.00 3302.65 3050 0.00
0.19 16 3645.00 3386.25 3050 0.00
0.19 17 2015.00 3489.05 3050 0.00
0.19 18 0.00 3609.79 3050 0.00
0.19 17 5967.00 3609.79 3050 0.00
0.19 18 2822.00 3742.81 3050 0.00
0.19 19 1048.00 3886.38 3050 0.00
0.20 20 0.00 4032.09 3050 0.00
0.20 19 4399.00 4032.09 3050 0.00
0.20 20 1102.00 4181.51 3050 0.00
0.20 21 0.00 4333.48 3050 0.00
0.20 20 4530.00 4333.48 3050 0.00
0.20 21 1048.00 4487.34 3050 0.00
0.20 20 5230.00 4487.34 3050 0.00
0.20 21 0.00 4505.73 3050 0.00
0.20 20 3031.00 4505.73 3050 0.00
0.20 19 5963.00 4505.73 3050 0.00
0.20 20 1048.00 4187.50 3050 0.00
0.21 19 3137.00 4187.50 3050 0.00
0.21 18 6094.00 4187.50 3050 0.00
0.21 19 1048.00 3832.21 3050 0.00
0.21 18 3145.00 3832.21 3050 0.00
0.21 17 5824.00 3832.21 3050 0.00
0.21 18 1048.00 3563.59 3050 0.00
0.21 17 3760.00 3563.59 3050 0.00
0.21 18 0.00 3321.83 3050 0.00
0.21 17 1048.00 3321.83 3050 0.00
0.21 16 4186.00 3321.83 3050 0.00
0.22 17 0.00 3172.46 3050 0.00
0.22 16 2027.00 3172.46 3050 0.00
0.22 15 4194.00 3172.46 3050 0.00
0.22 16 0.00 3006.14 1950 0.00
0.22 15 2683.00 3006.14 1950 0.00
0.22 16 2093.00 2819.12 1950 0.00
0.22 17 2875.00 2730.41 1950 0.00
0.22 18 3444.00 2688.42 1950 0.00
0.22 19 3600.00 2683.75 1950 0.00
0.23 20 2523.00 2707.23 1950 0.00
0.23 21 2936.00 3105.92 1950 0.00
0.23 22 1785.00 3440.97 1950 0.00
0.23 23 0.00 3729.64 1950 0.00
0.23 22 2093.00 3729.64 3050 0.00
0.23 23 0.00 3980.45 3050 0.00
0.23 22 570.00 3980.45 3050 0.00
0.23 21 5238.00 3980.45 3050 0.00
0.23 22 0.00 4105.75 3050 0.00
0.23 21 5222.00 4105.75 3050 0.00
0.23 22 0.00 4252.25 3050 0.00
0.24 23 0.00 4405.37 3050 0.00
0.24 22 1339.00 4405.37 3050 0.00
0.24 23 0.00 5189.01 3050 0.00
0.24 22 1699.00 5189.01 4250 0.00
0.24 23 0.00 5712.13 4250 0.00
0.24 22 0.00 5712.13 4250 0.00
0.24 21 3346.00 5712.13 4250 0.00
0.24 20 6348.00 5712.13 4250 0.00
0.24 21 0.00 5509.89 4250 0.00
0.24 20 347.00 5509.89 4250 0.00
0.25 19 3563.00 5509.89 4250 0.00
0.25 18 6242.00 5509.89 4250 0.00
0.25 17 8347.00 5509.89 4250 0.00
0.25 18 827.00 4597.37 4250 0.00
0.25 17 3637.00 4597.37 4250 0.00
0.25 16 6062.00 4597.37 4250 0.00
0.25 15 8175.00 4597.37 4250 0.00
0.25 16 1302.00 3984.34 3050 0.00
0.25 15 4128.00 3984.34 3050 0.00
0.26 16 0.00 3612.93 3050 0.00
0.26 15 2093.00 3612.93 3050 0.00
0.26 14 4186.00 3612.93 3050 0.00
0.26 15 0.00 3322.41 3050 0.00
0.26 14 2252.00 3322.41 3050 0.00
0.26 13 4669.00 3322.41 3050 0.00
0.26 14 2093.00 3094.66 3050 0.00
0.26 15 197.00 3006.67 1950 0.00
0.26 16 1048.00 2981.58 1950 0.00
0.26 17 1462.00 2990.84 1950 0.00
0.27 18 2093.00 3028.52 1950 0.00
0.27 19 2093.00 3087.72 1950 0.00
0.27 20 1671.00 3164.46 1950 0.00
0.27 21 72.00 3256.15 1950 0.00
0.27 22 0.00 3359.98 1950 0.00
0.27 21 2772.00 3359.98 1950 0.00
0.27 22 1077.00 3473.38 1950 0.00
0.27 23 0.00 3590.55 1950 0.00
0.27 22 1908.00 3590.55 3050 0.00
0.27 23 0.00 4428.96 3050 0.00
0.28 22 801.00 4428.96 3050 0.00
0.28 21 5955.00 4428.96 3050 0.00
0.28 22 403.00 4762.58 3050 0.00
0.28 23 0.00 5070.73 3050 0.00
0.28 22 420.00 5070.73 4250 0.00
0.28 21 5284.00 5070.73 4250 0.00
0.28 22 0.00 5147.68 4250 0.00
0.28 21 1409.00 5147.68 4250 0.00
0.28 22 0.00 5265.04 4250 0.00
0.28 21 343.00 5265.04 4250 0.00
0.28 20 6451.00 5265.04 4250 0.00
0.29 21 0.00 5353.55 4250 0.00
0.29 20 4776.00 5353.55 4250 0.00
0.29 21 0.00 5325.66 4250 0.00
0.29 20 1073.00 5325.66 4250 0.00
0.29 19 7348.00 5325.66 4250 0.00
0.29 20 1048.00 5359.17 4250 0.00
0.29 21 0.00 5435.57 4250 0.00
0.29 20 1458.00 5435.57 4250 0.00
0.29 21 0.00 5539.05 4250 0.00
0.29 20 3973.00 5539.05 4250 0.00
0.30 21 0.00 5656.82 4250 0.00
0.30 20 3141.00 5656.82 4250 0.00
0.30 21 0.00 5710.10 4250 0.00
0.30 20 2543.00 5710.10 4250 0.00
