Time BufferSize VideoLevel DownloadTime RequestInterval BufferVariation, PreviousQuality
0.00 0.00 450 0.00 0.00 2.00 0
1.00 3.00 1200 0.15 0.00 1.85 450
2.00 8.00 1200 0.31 0.00 1.69 1200
3.00 15.00 1200 0.31 0.00 1.69 1200
4.00 18.00 1200 0.31 0.16 1.52 1200
5.00 21.00 1200 0.31 0.49 1.20 1200
6.00 22.00 1200 0.31 0.84 0.85 1200
7.00 23.00 1200 0.31 0.77 0.92 1200
8.00 24.00 1200 0.31 0.90 0.79 1200
9.00 25.00 1200 0.31 1.66 0.03 1200
10.00 24.00 1200 0.31 1.66 0.03 1200
11.00 23.00 1950 0.31 1.66 0.03 1200
12.00 24.00 1950 0.48 1.51 0.01 1950
13.00 23.00 1950 0.48 1.51 0.01 1950
14.00 24.00 1950 0.48 1.37 0.15 1950
15.00 25.00 1950 0.48 1.24 0.29 1950
16.00 24.00 1950 0.48 1.24 0.29 1950
17.00 25.00 1950 0.48 1.12 0.40 1950
18.00 24.00 1950 0.48 1.12 0.40 1950
19.00 25.00 1950 0.48 1.61 -0.09 1950
20.00 24.00 3050 0.48 1.61 -0.09 1950
21.00 25.00 3050 0.72 1.47 -0.20 3050
22.00 24.00 3050 0.72 1.47 -0.20 3050
23.00 25.00 3050 0.72 1.35 -0.07 3050
24.00 24.00 3050 0.72 1.35 -0.07 3050
25.00 25.00 3050 0.72 1.25 0.03 3050
26.00 24.00 3050 0.72 1.25 0.03 3050
27.00 25.00 3050 0.72 1.61 -0.34 3050
28.00 24.00 3050 0.72 1.61 -0.34 3050
29.00 23.00 4250 0.72 1.61 -0.34 3050
30.00 24.00 4250 0.99 1.50 -0.49 4250
31.00 23.00 4250 0.99 1.50 -0.49 4250
32.00 24.00 4250 0.99 1.20 -0.19 4250
33.00 23.00 4250 0.99 1.20 -0.19 4250
34.00 22.00 4250 0.99 1.20 -0.19 4250
35.00 23.00 4250 0.99 1.11 -0.10 4250
36.00 22.00 4250 0.99 1.11 -0.10 4250
37.00 23.00 4250 0.99 1.04 -0.03 4250
38.00 22.00 4250 0.99 1.04 -0.03 4250
39.00 23.00 4250 0.99 1.48 -0.47 4250
40.00 22.00 6050 0.99 1.48 -0.47 4250
41.00 21.00 6050 0.99 1.48 -0.47 4250
42.00 22.00 6050 1.39 1.22 -0.60 6050
43.00 21.00 6050 1.39 1.22 -0.60 6050
44.00 22.00 6050 1.39 0.97 -0.35 6050
45.00 21.00 6050 1.39 0.97 -0.35 6050
46.00 20.00 6050 1.39 0.97 -0.35 6050
47.00 21.00 6050 1.39 0.93 -0.31 6050
48.00 20.00 6050 1.39 0.93 -0.31 6050
49.00 21.00 6050 1.39 0.90 -0.28 6050
50.00 20.00 6050 1.39 0.90 -0.28 6050
51.00 21.00 6050 1.39 0.67 -0.06 6050
52.00 20.00 6050 1.39 0.67 -0.06 6050
53.00 21.00 6050 1.39 0.65 -0.04 6050
54.00 20.00 6050 1.39 0.65 -0.04 6050
55.00 21.00 6050 1.39 0.64 -0.03 6050
56.00 20.00 6050 1.39 0.64 -0.03 6050
57.00 21.00 6050 1.39 0.63 -0.01 6050
58.00 20.00 6050 1.39 0.63 -0.01 6050
59.00 21.00 6050 1.39 0.62 -0.00 6050
60.00 20.00 6050 1.39 0.62 -0.00 6050
61.00 21.00 6050 1.39 0.62 -0.01 6050
62.00 20.00 6050 1.39 0.62 -0.01 6050
63.00 19.00 6050 1.39 0.62 -0.01 6050
64.00 20.00 6050 2.27 0.64 -0.91 6050
65.00 19.00 6050 2.27 0.64 -0.91 6050
66.00 18.00 6050 2.27 0.64 -0.91 6050
67.00 19.00 6050 1.69 0.85 -0.54 6050
68.00 18.00 6050 1.69 0.85 -0.54 6050
69.00 19.00 4250 1.65 0.43 -0.08 6050
70.00 20.00 4250 0.99 0.55 0.46 4250
71.00 19.00 4250 0.99 0.55 0.46 4250
72.00 20.00 4250 0.99 0.85 0.17 4250
73.00 19.00 4250 0.99 0.85 0.17 4250
74.00 20.00 4250 1.22 0.92 -0.14 4250
75.00 19.00 4250 1.22 0.92 -0.14 4250
76.00 20.00 4250 1.22 0.77 0.01 4250
77.00 19.00 4250 1.22 0.77 0.01 4250
78.00 20.00 4250 0.99 1.00 0.02 4250
79.00 19.00 4250 0.99 1.00 0.02 4250
80.00 20.00 4250 1.22 0.79 -0.01 4250
81.00 19.00 4250 1.22 0.79 -0.01 4250
82.00 20.00 4250 1.33 0.78 -0.11 4250
83.00 19.00 4250 1.33 0.78 -0.11 4250
84.00 20.00 4250 0.99 0.95 0.07 4250
85.00 19.00 4250 0.99 0.95 0.07 4250
86.00 20.00 4250 0.99 0.91 0.10 4250
87.00 19.00 4250 0.99 0.91 0.10 4250
88.00 20.00 4250 0.99 0.88 0.14 4250
89.00 19.00 4250 0.99 0.88 0.14 4250
90.00 20.00 4250 0.99 0.84 0.18 4250
91.00 19.00 4250 0.99 0.84 0.18 4250
92.00 20.00 4250 1.01 0.80 0.20 4250
93.00 21.00 4250 0.99 0.76 0.26 4250
94.00 20.00 4250 0.99 0.76 0.26 4250
95.00 19.00 4250 0.99 0.76 0.26 4250
96.00 20.00 4250 1.82 0.78 -0.60 4250
97.00 19.00 4250 1.82 0.78 -0.60 4250
98.00 20.00 4250 1.68 0.60 -0.28 4250
99.00 19.00 4250 1.68 0.60 -0.28 4250
100.00 20.00 4250 1.22 0.60 0.19 4250
101.00 19.00 4250 1.22 0.60 0.19 4250
102.00 20.00 4250 1.05 0.78 0.17 4250
103.00 19.00 4250 1.05 0.78 0.17 4250
104.00 20.00 4250 1.24 0.76 0.00 4250
105.00 19.00 4250 1.24 0.76 0.00 4250
106.00 20.00 4250 1.49 0.75 -0.23 4250
107.00 19.00 4250 1.49 0.75 -0.23 4250
108.00 20.00 4250 1.52 0.54 -0.06 4250
109.00 19.00 4250 1.52 0.54 -0.06 4250
110.00 18.00 4250 1.52 0.54 -0.06 4250
111.00 19.00 4250 1.70 0.62 -0.32 4250
112.00 18.00 4250 1.70 0.62 -0.32 4250
113.00 19.00 4250 1.89 0.44 -0.34 4250
114.00 18.00 4250 1.89 0.44 -0.34 4250
115.00 19.00 4250 1.68 0.40 -0.08 4250
116.00 18.00 4250 1.68 0.40 -0.08 4250
117.00 19.00 4250 1.33 0.55 0.12 4250
118.00 18.00 4250 1.33 0.55 0.12 4250
119.00 19.00 4250 1.10 0.50 0.40 4250
120.00 18.00 4250 1.10 0.50 0.40 4250
121.00 19.00 4250 1.38 0.48 0.14 4250
122.00 18.00 4250 1.38 0.48 0.14 4250
123.00 17.00 4250 1.38 0.48 0.14 4250
124.00 16.00 4250 1.38 0.48 0.14 4250
125.00 17.00 4250 3.78 0.34 -2.12 4250
126.00 16.00 4250 3.78 0.34 -2.12 4250
127.00 15.00 4250 3.78 0.34 -2.12 4250
128.00 14.00 4250 3.78 0.34 -2.12 4250
129.00 15.00 4250 3.79 0.17 -1.96 4250
130.00 14.00 4250 3.79 0.17 -1.96 4250
131.00 13.00 4250 3.79 0.17 -1.96 4250
132.00 12.00 4250 3.79 0.17 -1.96 4250
133.00 13.00 4250 3.98 0.00 -1.98 4250
134.00 12.00 4250 3.98 0.00 -1.98 4250
135.00 11.00 4250 3.98 0.00 -1.98 4250
136.00 10.00 4250 3.98 0.00 -1.98 4250
137.00 11.00 3050 4.10 0.00 -2.10 4250
138.00 10.00 3050 4.10 0.00 -2.10 4250
139.00 9.00 3050 4.10 0.00 -2.10 4250
140.00 10.00 3050 2.79 0.00 -0.79 3050
141.00 9.00 3050 2.79 0.00 -0.79 3050
142.00 10.00 3050 1.85 0.00 0.15 3050
143.00 11.00 3050 1.19 0.00 0.81 3050
144.00 12.00 3050 1.10 0.00 0.90 3050
145.00 13.00 3050 1.14 0.00 0.86 3050
146.00 14.00 3050 1.15 0.00 0.85 3050
147.00 15.00 3050 0.84 0.00 1.16 3050
148.00 16.00 3050 0.99 0.00 1.01 3050
149.00 17.00 3050 1.15 0.11 0.73 3050
150.00 18.00 3050 0.84 0.26 0.90 3050
151.00 19.00 3050 0.73 0.41 0.86 3050
152.00 20.00 3050 0.75 0.56 0.70 3050
153.00 19.00 3050 0.75 0.56 0.70 3050
154.00 20.00 3050 0.74 0.71 0.55 3050
155.00 21.00 3050 0.73 0.67 0.60 3050
156.00 20.00 3050 0.73 0.67 0.60 3050
157.00 21.00 3050 0.92 0.82 0.26 3050
158.00 20.00 3050 0.92 0.82 0.26 3050
159.00 21.00 3050 1.07 0.78 0.15 3050
160.00 22.00 3050 0.72 0.74 0.54 3050
161.00 21.00 3050 0.72 0.74 0.54 3050
162.00 20.00 3050 0.72 0.74 0.54 3050
163.00 21.00 3050 1.93 0.75 -0.68 3050
164.00 20.00 3050 1.93 0.75 -0.68 3050
165.00 19.00 3050 1.93 0.75 -0.68 3050
166.00 20.00 3050 2.10 0.77 -0.87 3050
167.00 19.00 3050 2.10 0.77 -0.87 3050
168.00 18.00 3050 2.10 0.77 -0.87 3050
169.00 19.00 3050 2.09 0.77 -0.86 3050
170.00 18.00 3050 2.09 0.77 -0.86 3050
171.00 19.00 3050 2.10 0.72 -0.81 3050
172.00 18.00 3050 2.10 0.72 -0.81 3050
173.00 17.00 3050 2.10 0.72 -0.81 3050
174.00 18.00 1950 2.26 0.00 -0.26 3050
175.00 17.00 1950 2.26 0.00 -0.26 3050
176.00 18.00 1950 1.80 0.00 0.20 1950
177.00 17.00 1950 1.80 0.00 0.20 1950
178.00 18.00 1950 1.46 0.21 0.32 1950
179.00 17.00 1950 1.46 0.21 0.32 1950
180.00 18.00 1950 1.77 0.37 -0.14 1950
181.00 19.00 1950 1.29 0.48 0.24 1950
182.00 18.00 1950 1.29 0.48 0.24 1950
183.00 19.00 1950 0.89 0.74 0.37 1950
184.00 20.00 1950 0.48 0.97 0.55 1950
185.00 21.00 1950 0.48 0.95 0.58 1950
186.00 20.00 1950 0.48 0.95 0.58 1950
187.00 21.00 1950 0.59 1.08 0.32 1950
188.00 20.00 1950 0.59 1.08 0.32 1950
189.00 21.00 1950 0.71 1.00 0.29 1950
190.00 22.00 1950 0.71 0.90 0.39 1950
191.00 21.00 1950 0.71 0.90 0.39 1950
192.00 22.00 1950 0.48 1.00 0.52 1950
193.00 23.00 1950 0.48 0.90 0.62 1950
194.00 22.00 1950 0.48 0.90 0.62 1950
195.00 23.00 1950 0.83 1.01 0.16 1950
196.00 24.00 1950 0.48 0.93 0.59 1950
197.00 23.00 1950 0.48 0.93 0.59 1950
198.00 24.00 1950 0.48 1.65 -0.13 1950
199.00 23.00 1950 0.48 1.65 -0.13 1950
200.00 24.00 3050 0.72 1.33 -0.05 3050
201.00 23.00 3050 0.72 1.33 -0.05 3050
202.00 22.00 3050 0.72 1.33 -0.05 3050
203.00 23.00 3050 1.38 1.26 -0.64 3050
204.00 22.00 3050 1.38 1.26 -0.64 3050
205.00 21.00 3050 1.38 1.26 -0.64 3050
206.00 22.00 3050 1.77 1.10 -0.87 3050
207.00 21.00 3050 1.77 1.10 -0.87 3050
208.00 20.00 3050 1.77 1.10 -0.87 3050
209.00 21.00 3050 1.76 0.96 -0.72 3050
210.00 20.00 3050 1.76 0.96 -0.72 3050
211.00 19.00 3050 1.76 0.96 -0.72 3050
212.00 20.00 3050 1.90 0.82 -0.73 3050
213.00 19.00 3050 1.90 0.82 -0.73 3050
214.00 18.00 3050 1.90 0.82 -0.73 3050
215.00 19.00 3050 2.04 0.71 -0.74 3050
216.00 18.00 3050 2.04 0.71 -0.74 3050
217.00 19.00 3050 2.15 0.58 -0.73 3050
218.00 18.00 3050 2.15 0.58 -0.73 3050
219.00 17.00 3050 2.15 0.58 -0.73 3050
220.00 16.00 3050 2.15 0.58 -0.73 3050
221.00 19.00 1950 0.99 0.21 0.81 1950
222.00 20.00 1950 0.71 0.49 0.80 1950
223.00 21.00 1950 0.48 0.75 0.77 1950
224.00 20.00 1950 0.48 0.75 0.77 1950
225.00 21.00 1950 0.48 0.98 0.55 1950
226.00 22.00 1950 0.48 1.16 0.36 1950
227.00 21.00 1950 0.48 1.16 0.36 1950
228.00 22.00 1950 0.48 1.10 0.42 1950
229.00 23.00 1950 0.48 1.03 0.50 1950
230.00 22.00 1950 0.48 1.03 0.50 1950
231.00 23.00 1950 0.48 1.14 0.38 1950
232.00 24.00 1950 0.48 1.05 0.47 1950
233.00 23.00 1950 0.48 1.05 0.47 1950
234.00 24.00 1950 0.48 1.17 0.35 1950
235.00 23.00 1950 0.48 1.17 0.35 1950
236.00 24.00 1950 0.48 1.70 -0.17 1950
237.00 23.00 3050 0.48 1.70 -0.17 1950
238.00 24.00 3050 1.13 1.36 -0.49 3050
239.00 23.00 3050 1.13 1.36 -0.49 3050
240.00 22.00 3050 1.13 1.36 -0.49 3050
241.00 23.00 3050 1.16 1.27 -0.43 3050
242.00 22.00 3050 1.16 1.27 -0.43 3050
243.00 21.00 3050 1.16 1.27 -0.43 3050
244.00 22.00 3050 2.05 0.90 -0.95 3050
245.00 21.00 3050 2.05 0.90 -0.95 3050
246.00 20.00 3050 2.05 0.90 -0.95 3050
247.00 21.00 3050 1.97 1.06 -1.03 3050
248.00 20.00 3050 1.97 1.06 -1.03 3050
249.00 19.00 3050 1.97 1.06 -1.03 3050
250.00 20.00 3050 1.80 0.99 -0.80 3050
251.00 19.00 3050 1.80 0.99 -0.80 3050
252.00 18.00 3050 1.80 0.99 -0.80 3050
253.00 19.00 3050 1.97 0.87 -0.85 3050
254.00 18.00 3050 1.97 0.87 -0.85 3050
255.00 17.00 3050 1.97 0.87 -0.85 3050
256.00 18.00 3050 2.10 0.67 -0.77 3050
257.00 17.00 3050 2.10 0.67 -0.77 3050
258.00 16.00 3050 2.10 0.67 -0.77 3050
259.00 17.00 1950 2.49 0.00 -0.49 3050
260.00 16.00 1950 2.49 0.00 -0.49 3050
261.00 17.00 1950 1.73 0.06 0.21 1950
262.00 20.00 1950 0.48 0.57 0.96 1950
263.00 21.00 1950 0.48 0.78 0.74 1950
264.00 20.00 1950 0.48 0.78 0.74 1950
265.00 21.00 1950 0.48 0.96 0.56 1950
266.00 22.00 1950 0.48 1.11 0.41 1950
267.00 21.00 1950 0.48 1.11 0.41 1950
268.00 22.00 1950 0.48 1.04 0.49 1950
269.00 23.00 1950 0.48 0.95 0.57 1950
270.00 22.00 1950 0.48 0.95 0.57 1950
271.00 23.00 1950 0.48 1.07 0.45 1950
272.00 24.00 1950 0.48 0.98 0.54 1950
273.00 23.00 1950 0.48 0.98 0.54 1950
274.00 24.00 1950 0.48 1.11 0.42 1950
275.00 25.00 1950 0.48 1.61 -0.09 1950
276.00 24.00 1950 0.48 1.61 -0.09 1950
277.00 23.00 3050 0.48 1.61 -0.09 1950
278.00 24.00 3050 0.72 1.50 -0.22 3050
279.00 23.00 3050 0.72 1.50 -0.22 3050
280.00 24.00 3050 0.72 1.38 -0.11 3050
281.00 23.00 3050 0.72 1.38 -0.11 3050
282.00 24.00 3050 0.72 1.28 -0.01 3050
283.00 23.00 3050 0.72 1.28 -0.01 3050
284.00 24.00 3050 0.72 1.66 -0.39 3050
285.00 23.00 3050 0.72 1.66 -0.39 3050
286.00 22.00 4250 0.72 1.66 -0.39 3050
287.00 23.00 4250 1.66 1.21 -0.87 4250
288.00 22.00 4250 1.66 1.21 -0.87 4250
289.00 21.00 4250 1.66 1.21 -0.87 4250
290.00 22.00 4250 1.68 1.24 -0.92 4250
291.00 21.00 4250 1.68 1.24 -0.92 4250
292.00 20.00 4250 1.68 1.24 -0.92 4250
293.00 21.00 4250 1.65 1.05 -0.70 4250
294.00 20.00 4250 1.65 1.05 -0.70 4250
295.00 19.00 4250 1.65 1.05 -0.70 4250
296.00 20.00 4250 1.57 0.83 -0.40 4250
297.00 19.00 4250 1.57 0.83 -0.40 4250
298.00 20.00 4250 1.57 0.82 -0.38 4250
299.00 19.00 4250 1.57 0.82 -0.38 4250
